cod_mun_ibge	cod_mun_mdic
1100205	1100205
1100338	1100338
1100452	1100452
1100700	1100700
1100809	1100809
1100940	1100940
1101104	1101104
1100080	1100080
1100106	1100106
1101492	1101492
1100023	1100023
1100130	1100130
1100262	1100262
1100403	1100403
1100601	1100601
1101401	1101401
1101757	1101757
1100114	1100114
1100122	1100122
1100155	1100155
1100254	1100254
1101005	1101005
1101302	1101302
1101435	1101435
1101559	1101559
1101609	1101609
1101708	1101708
1101807	1101807
1100148	1100148
1100320	1100320
1100346	1100346
1101500	1101500
1100015	1100015
1100049	1100049
1100098	1100098
1100288	1100288
1100296	1100296
1100379	1100379
1100502	1100502
1100908	1100908
1101203	1101203
1100189	1100189
1100304	1100304
1100924	1100924
1101450	1101450
1101476	1101476
1101484	1101484
1100031	1100031
1100056	1100056
1100064	1100064
1100072	1100072
1101468	1101468
1200203	1200203
1200336	1200336
1200351	1200351
1200393	1200393
1200427	1200427
1200302	1200302
1200328	1200328
1200609	1200609
1200344	1200344
1200435	1200435
1200500	1200500
1200013	1200013
1200138	1200138
1200179	1200179
1200385	1200385
1200401	1200401
1200450	1200450
1200807	1200807
1200054	1200054
1200104	1200104
1200252	1200252
1200708	1200708
1300409	1300409
1303205	1303205
1303601	1303601
1303809	1303809
1302108	1302108
1302801	1302801
1300060	1300060
1300201	1300201
1300607	1300607
1301605	1301605
1302306	1302306
1303700	1303700
1303908	1303908
1304062	1304062
1304237	1304237
1301001	1301001
1301407	1301407
1301506	1301506
1301654	1301654
1301803	1301803
1301951	1301951
1302207	1302207
1300029	1300029
1304203	1304203
1304260	1304260
1300086	1300086
1300102	1300102
1300631	1300631
1300839	1300839
1301209	1301209
1301308	1301308
1300300	1300300
1301100	1301100
1301159	1301159
1301852	1301852
1302504	1302504
1302553	1302553
1302603	1302603
1303536	1303536
1303569	1303569
1301902	1301902
1302009	1302009
1303106	1303106
1304005	1304005
1304401	1304401
1300508	1300508
1300680	1300680
1302900	1302900
1303007	1303007
1303403	1303403
1303957	1303957
1304302	1304302
1300706	1300706
1303502	1303502
1300904	1300904
1302405	1302405
1304104	1304104
1300144	1300144
1300805	1300805
1301704	1301704
1302702	1302702
1303304	1303304
1400027	1400027
1400050	1400050
1400100	1400100
1400456	1400456
1400159	1400159
1400175	1400175
1400407	1400407
1400704	1400704
1400209	1400209
1400282	1400282
1400308	1400308
1400233	1400233
1400472	1400472
1400506	1400506
1400605	1400605
1503002	1503002
1503903	1503903
1505106	1505106
1505304	1505304
1507979	1507979
1500404	1500404
1501451	1501451
1502855	1502855
1504752	1504752
1504802	1504802
1505650	1505650
1506005	1506005
1506807	1506807
1500503	1500503
1505908	1505908
1501105	1501105
1503101	1503101
1504505	1504505
1505809	1505809
1500305	1500305
1500701	1500701
1501808	1501808
1502806	1502806
1507706	1507706
1502004	1502004
1502509	1502509
1504901	1504901
1505700	1505700
1506302	1506302
1506401	1506401
1507904	1507904
1500800	1500800
1501303	1501303
1501402	1501402
1501501	1501501
1504422	1504422
1506351	1506351
1501907	1501907
1502400	1502400
1503408	1503408
1506500	1506500
1507003	1507003
1502608	1502608
1502905	1502905
1504109	1504109
1504307	1504307
1504406	1504406
1506203	1506203
1507102	1507102
1507466	1507466
1507474	1507474
1507961	1507961
1508209	1508209
1500909	1500909
1501600	1501600
1501709	1501709
1502202	1502202
1503200	1503200
1505007	1505007
1505601	1505601
1506104	1506104
1506112	1506112
1506609	1506609
1506906	1506906
1507409	1507409
1508035	1508035
1500107	1500107
1501204	1501204
1502103	1502103
1503309	1503309
1504000	1504000
1504604	1504604
1505205	1505205
1500206	1500206
1502756	1502756
1504703	1504703
1507953	1507953
1508001	1508001
1500958	1500958
1501956	1501956
1502301	1502301
1503077	1503077
1503457	1503457
1503507	1503507
1504059	1504059
1504950	1504950
1505403	1505403
1506559	1506559
1507201	1507201
1507607	1507607
1508308	1508308
1501006	1501006
1503606	1503606
1503754	1503754
1505031	1505031
1506195	1506195
1508050	1508050
1500602	1500602
1500859	1500859
1501725	1501725
1504455	1504455
1505486	1505486
1507805	1507805
1508159	1508159
1508357	1508357
1501782	1501782
1503705	1503705
1503804	1503804
1504976	1504976
1505064	1505064
1508100	1508100
1500131	1500131
1501576	1501576
1502939	1502939
1503093	1503093
1505502	1505502
1506187	1506187
1508126	1508126
1501253	1501253
1502764	1502764
1505437	1505437
1507300	1507300
1508084	1508084
1500347	1500347
1502152	1502152
1502772	1502772
1502954	1502954
1505536	1505536
1501758	1501758
1504208	1504208
1505494	1505494
1507151	1507151
1507508	1507508
1505551	1505551
1505635	1505635
1506138	1506138
1506161	1506161
1507458	1507458
1507755	1507755
1508407	1508407
1502707	1502707
1503044	1503044
1506583	1506583
1506708	1506708
1600204	1600204
1600501	1600501
1600105	1600105
1600550	1600550
1600709	1600709
1600055	1600055
1600154	1600154
1600212	1600212
1600238	1600238
1600253	1600253
1600303	1600303
1600535	1600535
1600600	1600600
1600279	1600279
1600402	1600402
1600808	1600808
1700301	1700301
1701002	1701002
1701051	1701051
1702208	1702208
1702554	1702554
1702901	1702901
1703800	1703800
1703826	1703826
1703891	1703891
1706506	1706506
1707405	1707405
1710706	1710706
1712454	1712454
1712801	1712801
1713809	1713809
1714302	1714302
1718303	1718303
1718550	1718550
1718808	1718808
1720002	1720002
1720101	1720101
1720200	1720200
1720309	1720309
1720804	1720804
1721208	1721208
1701309	1701309
1702109	1702109
1702158	1702158
1702307	1702307
1703008	1703008
1703057	1703057
1703883	1703883
1705508	1705508
1707702	1707702
1713957	1713957
1714880	1714880
1715705	1715705
1716307	1716307
1717206	1717206
1718865	1718865
1722081	1722081
1722107	1722107
1700251	1700251
1701903	1701903
1703107	1703107
1703206	1703206
1703602	1703602
1703909	1703909
1706001	1706001
1707108	1707108
1707207	1707207
1708254	1708254
1708304	1708304
1709302	1709302
1711100	1711100
1711803	1711803
1712504	1712504
1713205	1713205
1713304	1713304
1713700	1713700
1716653	1716653
1716703	1716703
1718402	1718402
1718709	1718709
1721257	1721257
1721307	1721307
1702000	1702000
1704600	1704600
1706100	1706100
1707306	1707306
1707553	1707553
1708205	1708205
1711902	1711902
1715002	1715002
1715507	1715507
1716109	1716109
1717503	1717503
1718451	1718451
1718840	1718840
1700350	1700350
1700707	1700707
1703701	1703701
1703867	1703867
1706258	1706258
1707652	1707652
1709500	1709500
1711506	1711506
1715754	1715754
1716604	1716604
1718899	1718899
1720259	1720259
1720853	1720853
1720978	1720978
1701101	1701101
1703305	1703305
1709807	1709807
1712009	1712009
1713601	1713601
1716505	1716505
1718204	1718204
1718881	1718881
1720655	1720655
1721000	1721000
1721109	1721109
1703073	1703073
1703842	1703842
1704105	1704105
1709005	1709005
1710508	1710508
1710904	1710904
1711951	1711951
1712405	1712405
1712702	1712702
1715101	1715101
1717909	1717909
1718501	1718501
1718758	1718758
1719004	1719004
1720150	1720150
1700400	1700400
1702406	1702406
1702703	1702703
1705102	1705102
1705557	1705557
1705607	1705607
1707009	1707009
1712157	1712157
1714203	1714203
1715150	1715150
1715259	1715259
1716208	1716208
1717008	1717008
1717800	1717800
1718006	1718006
1718659	1718659
1718907	1718907
1720499	1720499
1720903	1720903
1720937	1720937
2100204	2100204
2100832	2100832
2101301	2101301
2101350	2101350
2101905	2101905
2102408	2102408
2103109	2103109
2103125	2103125
2103703	2103703
2104909	2104909
2106805	2106805
2109056	2109056
2111789	2111789
2107506	2107506
2109452	2109452
2111201	2111201
2111300	2111300
2101103	2101103
2101251	2101251
2102374	2102374
2105104	2105104
2107100	2107100
2109205	2109205
2109601	2109601
2110203	2110203
2101707	2101707
2105005	2105005
2108058	2108058
2109403	2109403
2110278	2110278
2112506	2112506
2100709	2100709
2101004	2101004
2101772	2101772
2102507	2102507
2103554	2103554
2105153	2105153
2106508	2106508
2106904	2106904
2107456	2107456
2107605	2107605
2108256	2108256
2108306	2108306
2108405	2108405
2108603	2108603
2109270	2109270
2109809	2109809
2110500	2110500
2111003	2111003
2111706	2111706
2112803	2112803
2112902	2112902
2102705	2102705
2105401	2105401
2106631	2106631
2106755	2106755
2107209	2107209
2108801	2108801
2109304	2109304
2112704	2112704
2100550	2100550
2101970	2101970
2102606	2102606
2102903	2102903
2103158	2103158
2103174	2103174
2104305	2104305
2104677	2104677
2105658	2105658
2106201	2106201
2106326	2106326
2106375	2106375
2112407	2112407
2112456	2112456
2100402	2100402
2100477	2100477
2100873	2100873
2102002	2102002
2102036	2102036
2102150	2102150
2102325	2102325
2104651	2104651
2105708	2105708
2105963	2105963
2106359	2106359
2107357	2107357
2108108	2108108
2108504	2108504
2109239	2109239
2109908	2109908
2110005	2110005
2110039	2110039
2111029	2111029
2112274	2112274
2113009	2113009
2114007	2114007
2100055	2100055
2100600	2100600
2102358	2102358
2103257	2103257
2103752	2103752
2104552	2104552
2105302	2105302
2105427	2105427
2105500	2105500
2105989	2105989
2107001	2107001
2109551	2109551
2110856	2110856
2111532	2111532
2111763	2111763
2112852	2112852
2101202	2101202
2101939	2101939
2102077	2102077
2104008	2104008
2105203	2105203
2105807	2105807
2105906	2105906
2105948	2105948
2106003	2106003
2107407	2107407
2108207	2108207
2108702	2108702
2108900	2108900
2110302	2110302
2111409	2111409
2111508	2111508
2111631	2111631
2111672	2111672
2111722	2111722
2112233	2112233
2100956	2100956
2101608	2101608
2104081	2104081
2104099	2104099
2104800	2104800
2105351	2105351
2105476	2105476
2105609	2105609
2109759	2109759
2111805	2111805
2112308	2112308
2103802	2103802
2104206	2104206
2104404	2104404
2104503	2104503
2104602	2104602
2104628	2104628
2104701	2104701
2109106	2109106
2110708	2110708
2111250	2111250
2111748	2111748
2100154	2100154
2100907	2100907
2106300	2106300
2110104	2110104
2110237	2110237
2110609	2110609
2100808	2100808
2101731	2101731
2102101	2102101
2102200	2102200
2103208	2103208
2106409	2106409
2106672	2106672
2110401	2110401
2112605	2112605
2100436	2100436
2102754	2102754
2103307	2103307
2103604	2103604
2108454	2108454
2112100	2112100
2100105	2100105
2100303	2100303
2103406	2103406
2103901	2103901
2102309	2102309
2103000	2103000
2106607	2106607
2107803	2107803
2111078	2111078
2112209	2112209
2101509	2101509
2103505	2103505
2105450	2105450
2105922	2105922
2106706	2106706
2107308	2107308
2107704	2107704
2107902	2107902
2108009	2108009
2110906	2110906
2111102	2111102
2111904	2111904
2111953	2111953
2102556	2102556
2102804	2102804
2104057	2104057
2109007	2109007
2111052	2111052
2111573	2111573
2100501	2100501
2101400	2101400
2104073	2104073
2109502	2109502
2112001	2112001
2101806	2101806
2104107	2104107
2106102	2106102
2107258	2107258
2109700	2109700
2110658	2110658
2110807	2110807
2111607	2111607
2201200	2201200
2201507	2201507
2201770	2201770
2201960	2201960
2202059	2202059
2202174	2202174
2203701	2203701
2205409	2205409
2205458	2205458
2205805	2205805
2205854	2205854
2206100	2206100
2206209	2206209
2206670	2206670
2206803	2206803
2208403	2208403
2208502	2208502
2209971	2209971
2201919	2201919
2202000	2202000
2202083	2202083
2202539	2202539
2202653	2202653
2202703	2202703
2202729	2202729
2204659	2204659
2205706	2205706
2206696	2206696
2207702	2207702
2208304	2208304
2209872	2209872
2210052	2210052
2200400	2200400
2201606	2201606
2202737	2202737
2203255	2203255
2203305	2203305
2205508	2205508
2205557	2205557
2205581	2205581
2206308	2206308
2206407	2206407
2206720	2206720
2207793	2207793
2211001	2211001
2211100	2211100
2200301	2200301
2201051	2201051
2201945	2201945
2202026	2202026
2202208	2202208
2202406	2202406
2202604	2202604
2202711	2202711
2203420	2203420
2205276	2205276
2205516	2205516
2205573	2205573
2206357	2206357
2206753	2206753
2206951	2206951
2207900	2207900
2209906	2209906
2210409	2210409
2210656	2210656
2200103	2200103
2200202	2200202
2200509	2200509
2200608	2200608
2201002	2201002
2201408	2201408
2204105	2204105
2204600	2204600
2205250	2205250
2205540	2205540
2207108	2207108
2207504	2207504
2207751	2207751
2208809	2208809
2209450	2209450
2209807	2209807
2210508	2210508
2200905	2200905
2201176	2201176
2203503	2203503
2204006	2204006
2204709	2204709
2205599	2205599
2206902	2206902
2208106	2208106
2208601	2208601
2209153	2209153
2209609	2209609
2210383	2210383
2211308	2211308
2211407	2211407
2201150	2201150
2208908	2208908
2209203	2209203
2211209	2211209
2200806	2200806
2201705	2201705
2202752	2202752
2203602	2203602
2205607	2205607
2205904	2205904
2206001	2206001
2208551	2208551
2210631	2210631
2202251	2202251
2203800	2203800
2203909	2203909
2204501	2204501
2205102	2205102
2205300	2205300
2206704	2206704
2207850	2207850
2209005	2209005
2209708	2209708
2210102	2210102
2210391	2210391
2200459	2200459
2201309	2201309
2201903	2201903
2203107	2203107
2203230	2203230
2204402	2204402
2206605	2206605
2207405	2207405
2208700	2208700
2209302	2209302
2209757	2209757
2200707	2200707
2201929	2201929
2201988	2201988
2202307	2202307
2202505	2202505
2202851	2202851
2203354	2203354
2203453	2203453
2203750	2203750
2204550	2204550
2205532	2205532
2207355	2207355
2209559	2209559
2210359	2210359
2210607	2210607
2210953	2210953
2211357	2211357
2201101	2201101
2202901	2202901
2203008	2203008
2203206	2203206
2205524	2205524
2206654	2206654
2207603	2207603
2208858	2208858
2210623	2210623
2200954	2200954
2201804	2201804
2202075	2202075
2202778	2202778
2203404	2203404
2204352	2204352
2204808	2204808
2207009	2207009
2207553	2207553
2208007	2208007
2209104	2209104
2209351	2209351
2209377	2209377
2209856	2209856
2209955	2209955
2210201	2210201
2210375	2210375
2210938	2210938
2210979	2210979
2211704	2211704
2200251	2200251
2200277	2200277
2204204	2204204
2206506	2206506
2208205	2208205
2209401	2209401
2210300	2210300
2200053	2200053
2201556	2201556
2201572	2201572
2201739	2201739
2202091	2202091
2202109	2202109
2202117	2202117
2202133	2202133
2202455	2202455
2202554	2202554
2202802	2202802
2203271	2203271
2203859	2203859
2204154	2204154
2204303	2204303
2204907	2204907
2205003	2205003
2205151	2205151
2205201	2205201
2205359	2205359
2205565	2205565
2205953	2205953
2206050	2206050
2207207	2207207
2207306	2207306
2207777	2207777
2207801	2207801
2207934	2207934
2207959	2207959
2208650	2208650
2208874	2208874
2209500	2209500
2209658	2209658
2210003	2210003
2210706	2210706
2210805	2210805
2210904	2210904
2211506	2211506
2211605	2211605
2300200	2300200
2302057	2302057
2302305	2302305
2302602	2302602
2303907	2303907
2304251	2304251
2304707	2304707
2306553	2306553
2307254	2307254
2307809	2307809
2307908	2307908
2308906	2308906
2303402	2303402
2304236	2304236
2305001	2305001
2305308	2305308
2312304	2312304
2313401	2313401
2313609	2313609
2314102	2314102
2304004	2304004
2304509	2304509
2308807	2308807
2313906	2313906
2300507	2300507
2308203	2308203
2303105	2303105
2304350	2304350
2304657	2304657
2304905	2304905
2306108	2306108
2308005	2308005
2308377	2308377
2309003	2309003
2309904	2309904
2312007	2312007
2312809	2312809
2312908	2312908
2305803	2305803
2305902	2305902
2310951	2310951
2311009	2311009
2311702	2311702
2313955	2313955
2303659	2303659
2305209	2305209
2312205	2312205
2300754	2300754
2306405	2306405
2313500	2313500
2310209	2310209
2310258	2310258
2312403	2312403
2306306	2306306
2313559	2313559
2313757	2313757
2313807	2313807
2300903	2300903
2304608	2304608
2310704	2310704
2312601	2312601
2313351	2313351
2302800	2302800
2303006	2303006
2306603	2306603
2310407	2310407
2300150	2300150
2301208	2301208
2301406	2301406
2302107	2302107
2302909	2302909
2305100	2305100
2306504	2306504
2309102	2309102
2309805	2309805
2310100	2310100
2311603	2311603
2301950	2301950
2303956	2303956
2309458	2309458
2302206	2302206
2303501	2303501
2310852	2310852
2301000	2301000
2303709	2303709
2304285	2304285
2304400	2304400
2304954	2304954
2306256	2306256
2307650	2307650
2307700	2307700
2309706	2309706
2305233	2305233
2309607	2309607
2301257	2301257
2304103	2304103
2305605	2305605
2305654	2305654
2308609	2308609
2309300	2309300
2309409	2309409
2311264	2311264
2313203	2313203
2301851	2301851
2302404	2302404
2303931	2303931
2305266	2305266
2307635	2307635
2311306	2311306
2311405	2311405
2300408	2300408
2301505	2301505
2303600	2303600
2310308	2310308
2311900	2311900
2313302	2313302
2300309	2300309
2304269	2304269
2308351	2308351
2308500	2308500
2310506	2310506
2310902	2310902
2312700	2312700
2313005	2313005
2301109	2301109
2304459	2304459
2305357	2305357
2306207	2306207
2300705	2300705
2305332	2305332
2307007	2307007
2307601	2307601
2308708	2308708
2310001	2310001
2311504	2311504
2311801	2311801
2312502	2312502
2313104	2313104
2306702	2306702
2306801	2306801
2306900	2306900
2304277	2304277
2306009	2306009
2310803	2310803
2311231	2311231
2303808	2303808
2305407	2305407
2305506	2305506
2309508	2309508
2311355	2311355
2300804	2300804
2303303	2303303
2307403	2307403
2313252	2313252
2314003	2314003
2301802	2301802
2305704	2305704
2307502	2307502
2313708	2313708
2301307	2301307
2301604	2301604
2302701	2302701
2311207	2311207
2311959	2311959
2300606	2300606
2303204	2303204
2304301	2304301
2304806	2304806
2301703	2301703
2302008	2302008
2308104	2308104
2301901	2301901
2304202	2304202
2307106	2307106
2307304	2307304
2308401	2308401
2309201	2309201
2311108	2311108
2312106	2312106
2300101	2300101
2302503	2302503
2307205	2307205
2308302	2308302
2310605	2310605
2401107	2401107
2401453	2401453
2404408	2404408
2408003	2408003
2411056	2411056
2413359	2413359
2401008	2401008
2402303	2402303
2403707	2403707
2404309	2404309
2401305	2401305
2405207	2405207
2407609	2407609
2408706	2408706
2414456	2414456
2414605	2414605
2400208	2400208
2400703	2400703
2402501	2402501
2404705	2404705
2404853	2404853
2406106	2406106
2409902	2409902
2410256	2410256
2412807	2412807
2400406	2400406
2402907	2402907
2403202	2403202
2403301	2403301
2407005	2407005
2407252	2407252
2410801	2410801
2412500	2412500
2414753	2414753
2400505	2400505
2403905	2403905
2404903	2404903
2406007	2406007
2407302	2407302
2408607	2408607
2409407	2409407
2410009	2410009
2410207	2410207
2410504	2410504
2410702	2410702
2411007	2411007
2411908	2411908
2413607	2413607
2413805	2413805
2414100	2414100
2414902	2414902
2400604	2400604
2400901	2400901
2404002	2404002
2405900	2405900
2406908	2406908
2407401	2407401
2408409	2408409
2409308	2409308
2410603	2410603
2413557	2413557
2414506	2414506
2401859	2401859
2404101	2404101
2404507	2404507
2407203	2407203
2411601	2411601
2400307	2400307
2400802	2400802
2401909	2401909
2403756	2403756
2405504	2405504
2406700	2406700
2409605	2409605
2409704	2409704
2401651	2401651
2402709	2402709
2403806	2403806
2406502	2406502
2411403	2411403
2413003	2413003
2414159	2414159
2402006	2402006
2404804	2404804
2405603	2405603
2411809	2411809
2412104	2412104
2413409	2413409
2414308	2414308
2400109	2400109
2402402	2402402
2403004	2403004
2403103	2403103
2403400	2403400
2405702	2405702
2408508	2408508
2408904	2408904
2411429	2411429
2412401	2412401
2401602	2401602
2405108	2405108
2405801	2405801
2408805	2408805
2410108	2410108
2401503	2401503
2402105	2402105
2402808	2402808
2405009	2405009
2405405	2405405
2406403	2406403
2406809	2406809
2407906	2407906
2411106	2411106
2411205	2411205
2411700	2411700
2412302	2412302
2412906	2412906
2413300	2413300
2413706	2413706
2414001	2414001
2401701	2401701
2401800	2401800
2404606	2404606
2405306	2405306
2406155	2406155
2406205	2406205
2406304	2406304
2406601	2406601
2407807	2407807
2408300	2408300
2409100	2409100
2409209	2409209
2409332	2409332
2410306	2410306
2410900	2410900
2411502	2411502
2412609	2412609
2412708	2412708
2413102	2413102
2413508	2413508
2414704	2414704
2414803	2414803
2407500	2407500
2408953	2408953
2409506	2409506
2410405	2410405
2412559	2412559
2413904	2413904
2414407	2414407
2402600	2402600
2407104	2407104
2408201	2408201
2412005	2412005
2412203	2412203
2403251	2403251
2403608	2403608
2408102	2408102
2401206	2401206
2401404	2401404
2402204	2402204
2403509	2403509
2404200	2404200
2407708	2407708
2409803	2409803
2413201	2413201
2414209	2414209
2415008	2415008
2502003	2502003
2502300	2502300
2502805	2502805
2502904	2502904
2504306	2504306
2507408	2507408
2508109	2508109
2509370	2509370
2512804	2512804
2513901	2513901
2514651	2514651
2500700	2500700
2502052	2502052
2502201	2502201
2502409	2502409
2503308	2503308
2503704	2503704
2504108	2504108
2509602	2509602
2512036	2512036
2512077	2512077
2513307	2513307
2513653	2513653
2514503	2514503
2516805	2516805
2516904	2516904
2500775	2500775
2503753	2503753
2504504	2504504
2505501	2505501
2508406	2508406
2508802	2508802
2509156	2509156
2510006	2510006
2510907	2510907
2512101	2512101
2513208	2513208
2513927	2513927
2513968	2513968
2513984	2513984
2514206	2514206
2516201	2516201
2517209	2517209
2501153	2501153
2503407	2503407
2508703	2508703
2510709	2510709
2510808	2510808
2512606	2512606
2513802	2513802
2514404	2514404
2514602	2514602
2500205	2500205
2502607	2502607
2504207	2504207
2504801	2504801
2505907	2505907
2510204	2510204
2510402	2510402
2511301	2511301
2513604	2513604
2502102	2502102
2504405	2504405
2505303	2505303
2505600	2505600
2506608	2506608
2507002	2507002
2511004	2511004
2513356	2513356
2513505	2513505
2514305	2514305
2515708	2515708
2500106	2500106
2503555	2503555
2505402	2505402
2506707	2506707
2508000	2508000
2509008	2509008
2509396	2509396
2512309	2512309
2514552	2514552
2516607	2516607
2516706	2516706
2507804	2507804
2513000	2513000
2513406	2513406
2514701	2514701
2514909	2514909
2517100	2517100
2501534	2501534
2505006	2505006
2506202	2506202
2507705	2507705
2510303	2510303
2511103	2511103
2511400	2511400
2515401	2515401
2516755	2516755
2500734	2500734
2501351	2501351
2503902	2503902
2504702	2504702
2504850	2504850
2508505	2508505
2509701	2509701
2510600	2510600
2510659	2510659
2512200	2512200
2514107	2514107
2514800	2514800
2515203	2515203
2515500	2515500
2516300	2516300
2516508	2516508
2517407	2517407
2500536	2500536
2501575	2501575
2501708	2501708
2502508	2502508
2503100	2503100
2504074	2504074
2504355	2504355
2506509	2506509
2512788	2512788
2513851	2513851
2513943	2513943
2514008	2514008
2500577	2500577
2500908	2500908
2501609	2501609
2505105	2505105
2505352	2505352
2510105	2510105
2510501	2510501
2512002	2512002
2512705	2512705
2516102	2516102
2516151	2516151
2501005	2501005
2503506	2503506
2504157	2504157
2505709	2505709
2512747	2512747
2516003	2516003
2516409	2516409
2501203	2501203
2506004	2506004
2509503	2509503
2515104	2515104
2500304	2500304
2500403	2500403
2501104	2501104
2501500	2501500
2502706	2502706
2509339	2509339
2511608	2511608
2515906	2515906
2500502	2500502
2500809	2500809
2501906	2501906
2503605	2503605
2505204	2505204
2505808	2505808
2506301	2506301
2508208	2508208
2508554	2508554
2509800	2509800
2511707	2511707
2511806	2511806
2515609	2515609
2515930	2515930
2502151	2502151
2504009	2504009
2506103	2506103
2508307	2508307
2509206	2509206
2512408	2512408
2512507	2512507
2515807	2515807
2503803	2503803
2506400	2506400
2506806	2506806
2506905	2506905
2507200	2507200
2507606	2507606
2509404	2509404
2512754	2512754
2513109	2513109
2501302	2501302
2506251	2506251
2509909	2509909
2513158	2513158
2517001	2517001
2501401	2501401
2504033	2504033
2505238	2505238
2505279	2505279
2507101	2507101
2507309	2507309
2508901	2508901
2509057	2509057
2509305	2509305
2512721	2512721
2512903	2512903
2504900	2504900
2507903	2507903
2509107	2509107
2511509	2511509
2512762	2512762
2514453	2514453
2515005	2515005
2515302	2515302
2515971	2515971
2501807	2501807
2503209	2503209
2504603	2504603
2507507	2507507
2508604	2508604
2513703	2513703
2500601	2500601
2503001	2503001
2511202	2511202
2511905	2511905
2601102	2601102
2602001	2602001
2605301	2605301
2606309	2606309
2607307	2607307
2609907	2609907
2612455	2612455
2612554	2612554
2614303	2614303
2615607	2615607
2604304	2604304
2609303	2609303
2610400	2610400
2612208	2612208
2613503	2613503
2614006	2614006
2616100	2616100
2600104	2600104
2602506	2602506
2603405	2603405
2603900	2603900
2605608	2605608
2606903	2606903
2607109	2607109
2607703	2607703
2611533	2611533
2612471	2612471
2612802	2612802
2613602	2613602
2613909	2613909
2614402	2614402
2614600	2614600
2615706	2615706
2615904	2615904
2601201	2601201
2601805	2601805
2605103	2605103
2606606	2606606
2607000	2607000
2609154	2609154
2614105	2614105
2600203	2600203
2603009	2603009
2605152	2605152
2608750	2608750
2609808	2609808
2611101	2611101
2612604	2612604
2615201	2615201
2601607	2601607
2603926	2603926
2605707	2605707
2607406	2607406
2608057	2608057
2611002	2611002
2614808	2614808
2600500	2600500
2602803	2602803
2607505	2607505
2610806	2610806
2615805	2615805
2616001	2616001
2600609	2600609
2601706	2601706
2601904	2601904
2602605	2602605
2603108	2603108
2603801	2603801
2604106	2604106
2606408	2606408
2608008	2608008
2610905	2610905
2611200	2611200
2611705	2611705
2612406	2612406
2613008	2613008
2613107	2613107
2614709	2614709
2604155	2604155
2605806	2605806
2612505	2612505
2612703	2612703
2614501	2614501
2615003	2615003
2615409	2615409
2616183	2616183
2616209	2616209
2602209	2602209
2604908	2604908
2605400	2605400
2608107	2608107
2608909	2608909
2609105	2609105
2609709	2609709
2610509	2610509
2612109	2612109
2613800	2613800
2601003	2601003
2602100	2602100
2602407	2602407
2603207	2603207
2603306	2603306
2603702	2603702
2604700	2604700
2606002	2606002
2606507	2606507
2608255	2608255
2608305	2608305
2608404	2608404
2608602	2608602
2608800	2608800
2610103	2610103
2610301	2610301
2612307	2612307
2613206	2613206
2615102	2615102
2600302	2600302
2600807	2600807
2601300	2601300
2602308	2602308
2603504	2603504
2605004	2605004
2606705	2606705
2608701	2608701
2610202	2610202
2612000	2612000
2613305	2613305
2600708	2600708
2602704	2602704
2603603	2603603
2604007	2604007
2604601	2604601
2605509	2605509
2606200	2606200
2607653	2607653
2607802	2607802
2608453	2608453
2608503	2608503
2609006	2609006
2609501	2609501
2610608	2610608
2615300	2615300
2615508	2615508
2616308	2616308
2604403	2604403
2604502	2604502
2606101	2606101
2611309	2611309
2616407	2616407
2600401	2600401
2600906	2600906
2601409	2601409
2601508	2601508
2604205	2604205
2604809	2604809
2605202	2605202
2605905	2605905
2607950	2607950
2608206	2608206
2609204	2609204
2610004	2610004
2611408	2611408
2611507	2611507
2611804	2611804
2611903	2611903
2612901	2612901
2613404	2613404
2614204	2614204
2614857	2614857
2616506	2616506
2601052	2601052
2606804	2606804
2607604	2607604
2607752	2607752
2600054	2600054
2603454	2603454
2607901	2607901
2609402	2609402
2609600	2609600
2610707	2610707
2611606	2611606
2613701	2613701
2602902	2602902
2607208	2607208
2605459	2605459
2700102	2700102
2701605	2701605
2703304	2703304
2705002	2705002
2706422	2706422
2702405	2702405
2705804	2705804
2707107	2707107
2701803	2701803
2702504	2702504
2704609	2704609
2706109	2706109
2706208	2706208
2706406	2706406
2707206	2707206
2708006	2708006
2708402	2708402
2708956	2708956
2700706	2700706
2700904	2700904
2703403	2703403
2703700	2703700
2704401	2704401
2705408	2705408
2705705	2705705
2706000	2706000
2700805	2700805
2701209	2701209
2702553	2702553
2703106	2703106
2704807	2704807
2704906	2704906
2705309	2705309
2706307	2706307
2706604	2706604
2707602	2707602
2709004	2709004
2700300	2700300
2701506	2701506
2702009	2702009
2702355	2702355
2702603	2702603
2702900	2702900
2704104	2704104
2704203	2704203
2708808	2708808
2709103	2709103
2705903	2705903
2708204	2708204
2709202	2709202
2701902	2701902
2703007	2703007
2707008	2707008
2708105	2708105
2708303	2708303
2709301	2709301
2709400	2709400
2700409	2700409
2701100	2701100
2701308	2701308
2701357	2701357
2701704	2701704
2702108	2702108
2702801	2702801
2703502	2703502
2703809	2703809
2703908	2703908
2705101	2705101
2705200	2705200
2705507	2705507
2705606	2705606
2707305	2707305
2708501	2708501
2703601	2703601
2704500	2704500
2706505	2706505
2707404	2707404
2708709	2708709
2700508	2700508
2700607	2700607
2702207	2702207
2704302	2704302
2704708	2704708
2706448	2706448
2706901	2706901
2707701	2707701
2707909	2707909
2708907	2708907
2700201	2700201
2701001	2701001
2701407	2701407
2702306	2702306
2703759	2703759
2704005	2704005
2707800	2707800
2708600	2708600
2709152	2709152
2702702	2702702
2703205	2703205
2706703	2706703
2706802	2706802
2707503	2707503
2801207	2801207
2802205	2802205
2802403	2802403
2802601	2802601
2803104	2803104
2804201	2804201
2804508	2804508
2805406	2805406
2805604	2805604
2801405	2801405
2802304	2802304
2804458	2804458
2805000	2805000
2805208	2805208
2806008	2806008
2800209	2800209
2801900	2801900
2803807	2803807
2804300	2804300
2804607	2804607
2807006	2807006
2800506	2800506
2801009	2801009
2802908	2802908
2803708	2803708
2803906	2803906
2804102	2804102
2806800	2806800
2805505	2805505
2807105	2807105
2807402	2807402
2803500	2803500
2805802	2805802
2800100	2800100
2800704	2800704
2801108	2801108
2801603	2801603
2802700	2802700
2804409	2804409
2804706	2804706
2805703	2805703
2806404	2806404
2807303	2807303
2801306	2801306
2802007	2802007
2806503	2806503
2807204	2807204
2803302	2803302
2803401	2803401
2804904	2804904
2805307	2805307
2806909	2806909
2801504	2801504
2802502	2802502
2803609	2803609
2804003	2804003
2805901	2805901
2806107	2806107
2806602	2806602
2800308	2800308
2800605	2800605
2804805	2804805
2806701	2806701
2800407	2800407
2800670	2800670
2801702	2801702
2803005	2803005
2805109	2805109
2806206	2806206
2807501	2807501
2807600	2807600
2802106	2802106
2802809	2802809
2803203	2803203
2806305	2806305
2902500	2902500
2903201	2903201
2907400	2907400
2911105	2911105
2919553	2919553
2926202	2926202
2928901	2928901
2901403	2901403
2904407	2904407
2909406	2909406
2909703	2909703
2920452	2920452
2928406	2928406
2930907	2930907
2933455	2933455
2906105	2906105
2908101	2908101
2909109	2909109
2909307	2909307
2917359	2917359
2928109	2928109
2928208	2928208
2929057	2929057
2930303	2930303
2905909	2905909
2907202	2907202
2909901	2909901
2918407	2918407
2924405	2924405
2926004	2926004
2930204	2930204
2930774	2930774
2900207	2900207
2907707	2907707
2911402	2911402
2919900	2919900
2924009	2924009
2927101	2927101
2902708	2902708
2904753	2904753
2913200	2913200
2915353	2915353
2921609	2921609
2922250	2922250
2933604	2933604
2903904	2903904
2907103	2907103
2910776	2910776
2923704	2923704
2930154	2930154
2930758	2930758
2901353	2901353
2901809	2901809
2906006	2906006
2910859	2910859
2917003	2917003
2917706	2917706
2924603	2924603
2930105	2930105
2932457	2932457
2901155	2901155
2903003	2903003
2903235	2903235
2905305	2905305
2906204	2906204
2907608	2907608
2911303	2911303
2912400	2912400
2913101	2913101
2914406	2914406
2914604	2914604
2918357	2918357
2918506	2918506
2919157	2919157
2922052	2922052
2925600	2925600
2929255	2929255
2930808	2930808
2932408	2932408
2905107	2905107
2905503	2905503
2906873	2906873
2917508	2917508
2921203	2921203
2921401	2921401
2921708	2921708
2923357	2923357
2924801	2924801
2925253	2925253
2925931	2925931
2929370	2929370
2929800	2929800
2930600	2930600
2933109	2933109
2933158	2933158
2902609	2902609
2903805	2903805
2911907	2911907
2912608	2912608
2914703	2914703
2919009	2919009
2919603	2919603
2920106	2920106
2922102	2922102
2927200	2927200
2931301	2931301
2933059	2933059
2900405	2900405
2901502	2901502
2901700	2901700
2908200	2908200
2908507	2908507
2908903	2908903
2910305	2910305
2910800	2910800
2913804	2913804
2914000	2914000
2914505	2914505
2916856	2916856
2923308	2923308
2924108	2924108
2924652	2924652
2925956	2925956
2927507	2927507
2928307	2928307
2928505	2928505
2928802	2928802
2929305	2929305
2930402	2930402
2931103	2931103
2931400	2931400
2909208	2909208
2918100	2918100
2924207	2924207
2927606	2927606
2930766	2930766
2906808	2906808
2906824	2906824
2910701	2910701
2921500	2921500
2922656	2922656
2925808	2925808
2925907	2925907
2931905	2931905
2932002	2932002
2900355	2900355
2901601	2901601
2902658	2902658
2907806	2907806
2907905	2907905
2910750	2910750
2911857	2911857
2916500	2916500
2922904	2922904
2923050	2923050
2923100	2923100
2923803	2923803
2926509	2926509
2926608	2926608
2902104	2902104
2903276	2903276
2903607	2903607
2906402	2906402
2906857	2906857
2908408	2908408
2911253	2911253
2913309	2913309
2919108	2919108
2922730	2922730
2924058	2924058
2926103	2926103
2926301	2926301
2928000	2928000
2928950	2928950
2930501	2930501
2931509	2931509
2933000	2933000
2900306	2900306
2900702	2900702
2901908	2901908
2902054	2902054
2902203	2902203
2909604	2909604
2913705	2913705
2927002	2927002
2929701	2929701
2907004	2907004
2908606	2908606
2910503	2910503
2910602	2910602
2917904	2917904
2901106	2901106
2907509	2907509
2915908	2915908
2921005	2921005
2925204	2925204
2929503	2929503
2931707	2931707
2902302	2902302
2904852	2904852
2904902	2904902
2907301	2907301
2908309	2908309
2909802	2909802
2910206	2910206
2911600	2911600
2917805	2917805
2920601	2920601
2922201	2922201
2922300	2922300
2922508	2922508
2927309	2927309
2928604	2928604
2928703	2928703
2929008	2929008
2929107	2929107
2929602	2929602
2929750	2929750
2933174	2933174
2905701	2905701
2906501	2906501
2910057	2910057
2916104	2916104
2919207	2919207
2919926	2919926
2927408	2927408
2929206	2929206
2930709	2930709
2933208	2933208
2904100	2904100
2904209	2904209
2904506	2904506
2907558	2907558
2912509	2912509
2913002	2913002
2914109	2914109
2919801	2919801
2923035	2923035
2923209	2923209
2931053	2931053
2900108	2900108
2901304	2901304
2902807	2902807
2904001	2904001
2904050	2904050
2908804	2908804
2912202	2912202
2915007	2915007
2918605	2918605
2919306	2919306
2921906	2921906
2922854	2922854
2923506	2923506
2924306	2924306
2926707	2926707
2929909	2929909
2932804	2932804
2933406	2933406
2900603	2900603
2901007	2901007
2901957	2901957
2904308	2904308
2909505	2909505
2914208	2914208
2914307	2914307
2915106	2915106
2916708	2916708
2916906	2916906
2917607	2917607
2918001	2918001
2918209	2918209
2918308	2918308
2918704	2918704
2918803	2918803
2919058	2919058
2920502	2920502
2920809	2920809
2921302	2921302
2922409	2922409
2922805	2922805
2924900	2924900
2927903	2927903
2929404	2929404
2932101	2932101
2900504	2900504
2910107	2910107
2919504	2919504
2923605	2923605
2926905	2926905
2905008	2905008
2905206	2905206
2906600	2906600
2911709	2911709
2912004	2912004
2913408	2913408
2917334	2917334
2917409	2917409
2918753	2918753
2919405	2919405
2920205	2920205
2921054	2921054
2921807	2921807
2923407	2923407
2924504	2924504
2926400	2926400
2930006	2930006
2932606	2932606
2902005	2902005
2904605	2904605
2906899	2906899
2908705	2908705
2909000	2909000
2911659	2911659
2917201	2917201
2919959	2919959
2920304	2920304
2924702	2924702
2925709	2925709
2926806	2926806
2931004	2931004
2931806	2931806
2901205	2901205
2902906	2902906
2903508	2903508
2903706	2903706
2903953	2903953
2904803	2904803
2905156	2905156
2906709	2906709
2910008	2910008
2912301	2912301
2913507	2913507
2920403	2920403
2921450	2921450
2922706	2922706
2925006	2925006
2925105	2925105
2933307	2933307
2910404	2910404
2915809	2915809
2916401	2916401
2916807	2916807
2917102	2917102
2919702	2919702
2920007	2920007
2925402	2925402
2926657	2926657
2905404	2905404
2905800	2905800
2913457	2913457
2917300	2917300
2920700	2920700
2922607	2922607
2924678	2924678
2925758	2925758
2931202	2931202
2932903	2932903
2900900	2900900
2902252	2902252
2902401	2902401
2903102	2903102
2903300	2903300
2903409	2903409
2904704	2904704
2905602	2905602
2906303	2906303
2908002	2908002
2910909	2910909
2911006	2911006
2911204	2911204
2911501	2911501
2912103	2912103
2912707	2912707
2912905	2912905
2913606	2913606
2913903	2913903
2914802	2914802
2914901	2914901
2915205	2915205
2915403	2915403
2915502	2915502
2915700	2915700
2916203	2916203
2916302	2916302
2916609	2916609
2918555	2918555
2920908	2920908
2922755	2922755
2923902	2923902
2927804	2927804
2928059	2928059
2929354	2929354
2931608	2931608
2932200	2932200
2932309	2932309
2932507	2932507
2932705	2932705
2933505	2933505
2900801	2900801
2906907	2906907
2910727	2910727
2911808	2911808
2912806	2912806
2914653	2914653
2915304	2915304
2915601	2915601
2916005	2916005
2918456	2918456
2918902	2918902
2921104	2921104
2922003	2922003
2923001	2923001
2925303	2925303
2925501	2925501
2927705	2927705
2931350	2931350
2933257	2933257
3104502	3104502
3108206	3108206
3109303	3109303
3109451	3109451
3122470	3122470
3126208	3126208
3144375	3144375
3170404	3170404
3170479	3170479
3108552	3108552
3128600	3128600
3136306	3136306
3137106	3137106
3137536	3137536
3147006	3147006
3153400	3153400
3161700	3161700
3170750	3170750
3171006	3171006
3108255	3108255
3116159	3116159
3117836	3117836
3130051	3130051
3132107	3132107
3135209	3135209
3136959	3136959
3139300	3139300
3140852	3140852
3142254	3142254
3142700	3142700
3149150	3149150
3150570	3150570
3161106	3161106
3162450	3162450
3170529	3170529
3115474	3115474
3124302	3124302
3127339	3127339
3135050	3135050
3135100	3135100
3139250	3139250
3141009	3141009
3142908	3142908
3145059	3145059
3146552	3146552
3152204	3152204
3154507	3154507
3166956	3166956
3101003	3101003
3106655	3106655
3120870	3120870
3122355	3122355
3127073	3127073
3130655	3130655
3143450	3143450
3144656	3144656
3145372	3145372
3155603	3155603
3156502	3156502
3157005	3157005
3157377	3157377
3160454	3160454
3162708	3162708
3168002	3168002
3170651	3170651
3109402	3109402
3129608	3129608
3135605	3135605
3137304	3137304
3138104	3138104
3151206	3151206
3154457	3154457
3157609	3157609
3164209	3164209
3170800	3170800
3108602	3108602
3111150	3111150
3112703	3112703
3116506	3116506
3118809	3118809
3126703	3126703
3127354	3127354
3129657	3129657
3135357	3135357
3136801	3136801
3138658	3138658
3138682	3138682
3142007	3142007
3143302	3143302
3147956	3147956
3152131	3152131
3162252	3162252
3162401	3162401
3162658	3162658
3170008	3170008
3170909	3170909
3171030	3171030
3108503	3108503
3120300	3120300
3127800	3127800
3132008	3132008
3136579	3136579
3146255	3146255
3107307	3107307
3123809	3123809
3126604	3126604
3128253	3128253
3145455	3145455
3120102	3120102
3121001	3121001
3121605	3121605
3125408	3125408
3125507	3125507
3127602	3127602
3153301	3153301
3165909	3165909
3102852	3102852
3104452	3104452
3106507	3106507
3112307	3112307
3113503	3113503
3116100	3116100
3126505	3126505
3132503	3132503
3135456	3135456
3136520	3136520
3138351	3138351
3141801	3141801
3169703	3169703
3171071	3171071
3103405	3103405
3113008	3113008
3119500	3119500
3134004	3134004
3145307	3145307
3146305	3146305
3152170	3152170
3171600	3171600
3102704	3102704
3117009	3117009
3133303	3133303
3141405	3141405
3148707	3148707
3101706	3101706
3105202	3105202
3122454	3122454
3125606	3125606
3134707	3134707
3135803	3135803
3136009	3136009
3136504	3136504
3140555	3140555
3143153	3143153
3146750	3146750
3155108	3155108
3156601	3156601
3157104	3157104
3158102	3158102
3160306	3160306
3104700	3104700
3115458	3115458
3126752	3126752
3126802	3126802
3132305	3132305
3137007	3137007
3139201	3139201
3145356	3145356
3146206	3146206
3148509	3148509
3152402	3152402
3165552	3165552
3168606	3168606
3100906	3100906
3106606	3106606
3113701	3113701
3120151	3120151
3127057	3127057
3138906	3138906
3144300	3144300
3157658	3157658
3166709	3166709
3170305	3170305
3109808	3109808
3112604	3112604
3129103	3129103
3131406	3131406
3134202	3134202
3159803	3159803
3103504	3103504
3103751	3103751
3111804	3111804
3115003	3115003
3115805	3115805
3130705	3130705
3142809	3142809
3152808	3152808
3169604	3169604
3170206	3170206
3100104	3100104
3119302	3119302
3120706	3120706
3123502	3123502
3124807	3124807
3127909	3127909
3131604	3131604
3143104	3143104
3148103	3148103
3156403	3156403
3166808	3166808
3103801	3103801
3114303	3114303
3128907	3128907
3137502	3137502
3141207	3141207
3148004	3148004
3155504	3155504
3159704	3159704
3162104	3162104
3168903	3168903
3111101	3111101
3114550	3114550
3116902	3116902
3127008	3127008
3127107	3127107
3133402	3133402
3134400	3134400
3138625	3138625
3150703	3150703
3151602	3151602
3161304	3161304
3170438	3170438
3100708	3100708
3111408	3111408
3117306	3117306
3118205	3118205
3121258	3121258
3170107	3170107
3171105	3171105
3104007	3104007
3111507	3111507
3129509	3129509
3145000	3145000
3149200	3149200
3149804	3149804
3153004	3153004
3156908	3156908
3157708	3157708
3168101	3168101
3100203	3100203
3107000	3107000
3115607	3115607
3143500	3143500
3146404	3146404
3152006	3152006
3169356	3169356
3104809	3104809
3109204	3109204
3119104	3119104
3120904	3120904
3125705	3125705
3131109	3131109
3136405	3136405
3142502	3142502
3143609	3143609
3153202	3153202
3160603	3160603
3103900	3103900
3107406	3107406
3123205	3123205
3124708	3124708
3135308	3135308
3137205	3137205
3138302	3138302
3138807	3138807
3140506	3140506
3142403	3142403
3153707	3153707
3166600	3166600
3103207	3103207
3105004	3105004
3109600	3109600
3109907	3109907
3112505	3112505
3118908	3118908
3126406	3126406
3127206	3127206
3131000	3131000
3134608	3134608
3135704	3135704
3139706	3139706
3141108	3141108
3146909	3146909
3147402	3147402
3149606	3149606
3153608	3153608
3158508	3158508
3159001	3159001
3167202	3167202
3102407	3102407
3117504	3117504
3118106	3118106
3122603	3122603
3132800	3132800
3143708	3143708
3147501	3147501
3156007	3156007
3160207	3160207
3160504	3160504
3164803	3164803
3166501	3166501
3167103	3167103
3126000	3126000
3145802	3145802
3147105	3147105
3151404	3151404
3163102	3163102
3106200	3106200
3106705	3106705
3109006	3109006
3110004	3110004
3117876	3117876
3118601	3118601
3124104	3124104
3129806	3129806
3130101	3130101
3136652	3136652
3137601	3137601
3140159	3140159
3140704	3140704
3144805	3144805
3149309	3149309
3153905	3153905
3154606	3154606
3154804	3154804
3156700	3156700
3157807	3157807
3162922	3162922
3162955	3162955
3165537	3165537
3171204	3171204
3102308	3102308
3105400	3105400
3106002	3106002
3107703	3107703
3115359	3115359
3121803	3121803
3125903	3125903
3131703	3131703
3136207	3136207
3136603	3136603
3144706	3144706
3155702	3155702
3157203	3157203
3158003	3158003
3161007	3161007
3161908	3161908
3163409	3163409
3168309	3168309
3106408	3106408
3108107	3108107
3120607	3120607
3132206	3132206
3133709	3133709
3135407	3135407
3142304	3142304
3150406	3150406
3155306	3155306
3121704	3121704
3131901	3131901
3140001	3140001
3146107	3146107
3114907	3114907
3115409	3115409
3118007	3118007
3118304	3118304
3120409	3120409
3121407	3121407
3123908	3123908
3133907	3133907
3145901	3145901
3153806	3153806
3159100	3159100
3160900	3160900
3108800	3108800
3113800	3113800
3116803	3116803
3122207	3122207
3123106	3123106
3127503	3127503
3128006	3128006
3140605	3140605
3148400	3148400
3156809	3156809
3157500	3157500
3162807	3162807
3165503	3165503
3166105	3166105
3171808	3171808
3100609	3100609
3112059	3112059
3126950	3126950
3136553	3136553
3148608	3148608
3158201	3158201
3163508	3163508
3164100	3164100
3164506	3164506
3101805	3101805
3110806	3110806
3112653	3112653
3119203	3119203
3122108	3122108
3123700	3123700
3125804	3125804
3126901	3126901
3127305	3127305
3127701	3127701
3132701	3132701
3133204	3133204
3135076	3135076
3140100	3140100
3144201	3144201
3144904	3144904
3150000	3150000
3161601	3161601
3161650	3161650
3163003	3163003
3163300	3163300
3167707	3167707
3169505	3169505
3171501	3171501
3171907	3171907
3115706	3115706
3131802	3131802
3139607	3139607
3141504	3141504
3144672	3144672
3161056	3161056
3162575	3162575
3100500	3100500
3103009	3103009
3106309	3106309
3119401	3119401
3131307	3131307
3135001	3135001
3136108	3136108
3140308	3140308
3141702	3141702
3144359	3144359
3149952	3149952
3158953	3158953
3168705	3168705
3107802	3107802
3109253	3109253
3113404	3113404
3120003	3120003
3122504	3122504
3123858	3123858
3129301	3129301
3130556	3130556
3130903	3130903
3131158	3131158
3150158	3150158
3150539	3150539
3157252	3157252
3159357	3159357
3160959	3160959
3162609	3162609
3164472	3164472
3168408	3168408
3170057	3170057
3170578	3170578
3101102	3101102
3102209	3102209
3117405	3117405
3118403	3118403
3120839	3120839
3127370	3127370
3131208	3131208
3134103	3134103
3144003	3144003
3151909	3151909
3154309	3154309
3159506	3159506
3168051	3168051
3105103	3105103
3119807	3119807
3123403	3123403
3130309	3130309
3141306	3141306
3151503	3151503
3164308	3164308
3168200	3168200
3170602	3170602
3114204	3114204
3116605	3116605
3117603	3117603
3122306	3122306
3130200	3130200
3133808	3133808
3145208	3145208
3149705	3149705
3160405	3160405
3161809	3161809
3164605	3164605
3104205	3104205
3110400	3110400
3119955	3119955
3126109	3126109
3133501	3133501
3146503	3146503
3148905	3148905
3150505	3150505
3100807	3100807
3111200	3111200
3111903	3111903
3112000	3112000
3120201	3120201
3149903	3149903
3158805	3158805
3108008	3108008
3114006	3114006
3114501	3114501
3130002	3130002
3145604	3145604
3147709	3147709
3150604	3150604
3159902	3159902
3161205	3161205
3101904	3101904
3107604	3107604
3112406	3112406
3112802	3112802
3115102	3115102
3116407	3116407
3121209	3121209
3126307	3126307
3129707	3129707
3133758	3133758
3147907	3147907
3152907	3152907
3162203	3162203
3162948	3162948
3104106	3104106
3109501	3109501
3128303	3128303
3128709	3128709
3132909	3132909
3134806	3134806
3136900	3136900
3143005	3143005
3143203	3143203
3144102	3144102
3145109	3145109
3163904	3163904
3164704	3164704
3165107	3165107
3101607	3101607
3102001	3102001
3104304	3104304
3114402	3114402
3114709	3114709
3117108	3117108
3122405	3122405
3125200	3125200
3139003	3139003
3147204	3147204
3151701	3151701
3166907	3166907
3107109	3107109
3110905	3110905
3111309	3111309
3111606	3111606
3113909	3113909
3118700	3118700
3123601	3123601
3128105	3128105
3130507	3130507
3142601	3142601
3158300	3158300
3160801	3160801
3165206	3165206
3169307	3169307
3169406	3169406
3170701	3170701
3101409	3101409
3102605	3102605
3105301	3105301
3108404	3108404
3110301	3110301
3111002	3111002
3129905	3129905
3130606	3130606
3134905	3134905
3143401	3143401
3146008	3146008
3151800	3151800
3159209	3159209
3107901	3107901
3108305	3108305
3109105	3109105
3110509	3110509
3110608	3110608
3117900	3117900
3119906	3119906
3124401	3124401
3124500	3124500
3125101	3125101
3127404	3127404
3131505	3131505
3133600	3133600
3143807	3143807
3152501	3152501
3165404	3165404
3165578	3165578
3165800	3165800
3169059	3169059
3169109	3169109
3109709	3109709
3113602	3113602
3117207	3117207
3117801	3117801
3119005	3119005
3129202	3129202
3144409	3144409
3149101	3149101
3159605	3159605
3162005	3162005
3162302	3162302
3163201	3163201
3164407	3164407
3167400	3167400
3169802	3169802
3101300	3101300
3104908	3104908
3110707	3110707
3114105	3114105
3115508	3115508
3117702	3117702
3133006	3133006
3133105	3133105
3135902	3135902
3137809	3137809
3145505	3145505
3147600	3147600
3152600	3152600
3163706	3163706
3164902	3164902
3167806	3167806
3101201	3101201
3102803	3102803
3103603	3103603
3107208	3107208
3107505	3107505
3114808	3114808
3120805	3120805
3138500	3138500
3141900	3141900
3147808	3147808
3165305	3165305
3166402	3166402
3167004	3167004
3108909	3108909
3118502	3118502
3120508	3120508
3121100	3121100
3122801	3122801
3132404	3132404
3139904	3139904
3140407	3140407
3147303	3147303
3150901	3150901
3151008	3151008
3171709	3171709
3172202	3172202
3114600	3114600
3130408	3130408
3130804	3130804
3134301	3134301
3134509	3134509
3138203	3138203
3138708	3138708
3144607	3144607
3154705	3154705
3115201	3115201
3119708	3119708
3123007	3123007
3137403	3137403
3139102	3139102
3144508	3144508
3150307	3150307
3152709	3152709
3154200	3154200
3156106	3156106
3157336	3157336
3158706	3158706
3162500	3162500
3165008	3165008
3168804	3168804
3101631	3101631
3102902	3102902
3105608	3105608
3105905	3105905
3112208	3112208
3113107	3113107
3113206	3113206
3121506	3121506
3129400	3129400
3154408	3154408
3157302	3157302
3166204	3166204
3100401	3100401
3105707	3105707
3122702	3122702
3128204	3128204
3135506	3135506
3145851	3145851
3150208	3150208
3152105	3152105
3154002	3154002
3154903	3154903
3155009	3155009
3157401	3157401
3160108	3160108
3164001	3164001
3165560	3165560
3166303	3166303
3170503	3170503
3171154	3171154
3100302	3100302
3102050	3102050
3112109	3112109
3112901	3112901
3116001	3116001
3123528	3123528
3137700	3137700
3138674	3138674
3139409	3139409
3139508	3139508
3140530	3140530
3140902	3140902
3148756	3148756
3153509	3153509
3154150	3154150
3157906	3157906
3158904	3158904
3162559	3162559
3163607	3163607
3167608	3167608
3102100	3102100
3102506	3102506
3103702	3103702
3108701	3108701
3110202	3110202
3111705	3111705
3116308	3116308
3116704	3116704
3124005	3124005
3137908	3137908
3148301	3148301
3148806	3148806
3150802	3150802
3152303	3152303
3153103	3153103
3155207	3155207
3163805	3163805
3166006	3166006
3168507	3168507
3171303	3171303
3103108	3103108
3105509	3105509
3110103	3110103
3113305	3113305
3122009	3122009
3124203	3124203
3124906	3124906
3125309	3125309
3125952	3125952
3142106	3142106
3142205	3142205
3143906	3143906
3145877	3145877
3148202	3148202
3149002	3149002
3156452	3156452
3161403	3161403
3164431	3164431
3169208	3169208
3171402	3171402
3104601	3104601
3121902	3121902
3123304	3123304
3128402	3128402
3128808	3128808
3129004	3129004
3141603	3141603
3151305	3151305
3155801	3155801
3156304	3156304
3161502	3161502
3165701	3165701
3167301	3167301
3167905	3167905
3169000	3169000
3169901	3169901
3172004	3172004
3103306	3103306
3106101	3106101
3106804	3106804
3106903	3106903
3115904	3115904
3116209	3116209
3119609	3119609
3121308	3121308
3125002	3125002
3127388	3127388
3128501	3128501
3136702	3136702
3138609	3138609
3139805	3139805
3140209	3140209
3140803	3140803
3145406	3145406
3145703	3145703
3146602	3146602
3149408	3149408
3149507	3149507
3150109	3150109
3155405	3155405
3155900	3155900
3156205	3156205
3157278	3157278
3158607	3158607
3159308	3159308
3159407	3159407
3160702	3160702
3162906	3162906
3165602	3165602
3167509	3167509
3101508	3101508
3104403	3104403
3115300	3115300
3122900	3122900
3124609	3124609
3132602	3132602
3138005	3138005
3138401	3138401
3146701	3146701
3151107	3151107
3154101	3154101
3158409	3158409
3160009	3160009
3172103	3172103
3200169	3200169
3200904	3200904
3202108	3202108
3203304	3203304
3200136	3200136
3201001	3201001
3203908	3203908
3204708	3204708
3205150	3205150
3205176	3205176
3200359	3200359
3200805	3200805
3201506	3201506
3202256	3202256
3203353	3203353
3204005	3204005
3204658	3204658
3203502	3203502
3203601	3203601
3204104	3204104
3204252	3204252
3201605	3201605
3203056	3203056
3204054	3204054
3204906	3204906
3200607	3200607
3202207	3202207
3202504	3202504
3203130	3203130
3203205	3203205
3204351	3204351
3205010	3205010
3200102	3200102
3201159	3201159
3201704	3201704
3201902	3201902
3203163	3203163
3203346	3203346
3205069	3205069
3202702	3202702
3202900	3202900
3204500	3204500
3204559	3204559
3204609	3204609
3204955	3204955
3201308	3201308
3205002	3205002
3205101	3205101
3205200	3205200
3205309	3205309
3200300	3200300
3200409	3200409
3202405	3202405
3202603	3202603
3204203	3204203
3204401	3204401
3200201	3200201
3201803	3201803
3202009	3202009
3202306	3202306
3202454	3202454
3202553	3202553
3202652	3202652
3203007	3203007
3203700	3203700
3200508	3200508
3200706	3200706
3201100	3201100
3201209	3201209
3201407	3201407
3203106	3203106
3203403	3203403
3203809	3203809
3204807	3204807
3205036	3205036
3202801	3202801
3203320	3203320
3204302	3204302
3300605	3300605
3302056	3302056
3302205	3302205
3302304	3302304
3303104	3303104
3304102	3304102
3306156	3306156
3300159	3300159
3300902	3300902
3302106	3302106
3303005	3303005
3304706	3304706
3305133	3305133
3301009	3301009
3301157	3301157
3304755	3304755
3304805	3304805
3305000	3305000
3300936	3300936
3301405	3301405
3302403	3302403
3304151	3304151
3300225	3300225
3300951	3300951
3303708	3303708
3305406	3305406
3306008	3306008
3301108	3301108
3301207	3301207
3301504	3301504
3302452	3302452
3300506	3300506
3301603	3301603
3303401	3303401
3305703	3305703
3304607	3304607
3305307	3305307
3305901	3305901
3301306	3301306
3304524	3304524
3305604	3305604
3300209	3300209
3300233	3300233
3300258	3300258
3300704	3300704
3301876	3301876
3305208	3305208
3305505	3305505
3300407	3300407
3302254	3302254
3303955	3303955
3304003	3304003
3304110	3304110
3304128	3304128
3304201	3304201
3304409	3304409
3306305	3306305
3300308	3300308
3304508	3304508
3306107	3306107
3300100	3300100
3303807	3303807
3301801	3301801
3302809	3302809
3302908	3302908
3303609	3303609
3303856	3303856
3306206	3306206
3303906	3303906
3305158	3305158
3305802	3305802
3300803	3300803
3304300	3304300
3302007	3302007
3302601	3302601
3305554	3305554
3300456	3300456
3301702	3301702
3301850	3301850
3301900	3301900
3302270	3302270
3302502	3302502
3302700	3302700
3302858	3302858
3303203	3303203
3303302	3303302
3303500	3303500
3304144	3304144
3304557	3304557
3304904	3304904
3305109	3305109
3305752	3305752
3502606	3402606
3503950	3403950
3513850	3413850
3514205	3414205
3524808	3424808
3529104	3429104
3529658	3429658
3532843	3432843
3535200	3435200
3535903	3435903
3540259	3440259
3540408	3440408
3544509	3444509
3545704	3445704
3546108	3446108
3546603	3446603
3547205	3447205
3547403	3447403
3547650	3447650
3549003	3449003
3554904	3454904
3555802	3455802
3556958	3456958
3515202	3415202
3515509	3415509
3518008	3418008
3520707	3420707
3528205	3428205
3529609	3429609
3530003	3430003
3534757	3434757
3536901	3436901
3549201	3449201
3555307	3455307
3501202	3401202
3501806	3401806
3510708	3410708
3512902	3412902
3536257	3436257
3540309	3440309
3544202	3444202
3556107	3456107
3557105	3457105
3500204	3400204
3500907	3400907
3504602	3404602
3504800	3404800
3511300	3411300
3517505	3417505
3517901	3417901
3519402	3419402
3519808	3419808
3521150	3421150
3524501	3424501
3525706	3425706
3529500	3429500
3530300	3430300
3530409	3430409
3532801	3432801
3533007	3433007
3533908	3433908
3534005	3434005
3534203	3434203
3535002	3435002
3536604	3436604
3539608	3439608
3540804	3440804
3549805	3449805
3553401	3453401
3555356	3455356
3555604	3455604
3557154	3457154
3503703	3403703
3509304	3409304
3511102	3411102
3511201	3411201
3514924	3414924
3514957	3414957
3533254	3433254
3535101	3435101
3535705	3435705
3538105	3438105
3545605	3445605
3551900	3451900
3552601	3452601
3504206	3404206
3515905	3415905
3516804	3416804
3516903	3416903
3518909	3418909
3528304	3428304
3532868	3432868
3533304	3433304
3549250	3449250
3528106	3428106
3531001	3431001
3531407	3431407
3532504	3432504
3532603	3432603
3532702	3432702
3539905	3439905
3551306	3451306
3555703	3455703
3521507	3421507
3521903	3421903
3528858	3428858
3533502	3433502
3544806	3444806
3556008	3456008
3505500	3405500
3512001	3412001
3512100	3412100
3517406	3417406
3521309	3421309
3524204	3424204
3529708	3429708
3531902	3431902
3533601	3433601
3534302	3434302
3544905	3444905
3549409	3449409
3503000	3403000
3508207	3408207
3517703	3417703
3520103	3420103
3524105	3424105
3513207	3413207
3516200	3416200
3523701	3423701
3525409	3425409
3536307	3436307
3537008	3437008
3542701	3442701
3543105	3443105
3543600	3443600
3549508	3449508
3506102	3406102
3510104	3410104
3515608	3415608
3518602	3418602
3524303	3424303
3531308	3431308
3531506	3431506
3539004	3439004
3539509	3439509
3546504	3446504
3553104	3453104
3553203	3453203
3553658	3453658
3553708	3453708
3554409	3454409
3556800	3456800
3556909	3456909
3505609	3405609
3507803	3407803
3513108	3413108
3514601	3414601
3518859	3418859
3525102	3425102
3527603	3427603
3540200	3440200
3540903	3440903
3543402	3443402
3547502	3447502
3547601	3447601
3550902	3450902
3551405	3451405
3551504	3451504
3551702	3451702
3501004	3401004
3505906	3405906
3509403	3409403
3510906	3410906
3546256	3446256
3547908	3447908
3502101	3402101
3511003	3411003
3517802	3417802
3520442	3420442
3523008	3423008
3530102	3430102
3532108	3432108
3533205	3433205
3537404	3437404
3552304	3452304
3552551	3452551
3502804	3402804
3506201	3406201
3518206	3418206
3526506	3426506
3544400	3444400
3548054	3448054
3556305	3456305
3501103	3401103
3504404	3404404
3505104	3405104
3506409	3406409
3506508	3406508
3507704	3407704
3507753	3407753
3508108	3408108
3511904	3411904
3512506	3412506
3516507	3416507
3517109	3417109
3527256	3427256
3527702	3427702
3537305	3437305
3537701	3437701
3548401	3448401
3555208	3455208
3508801	3408801
3517000	3417000
3517208	3417208
3517307	3417307
3525805	3425805
3527108	3427108
3541604	3441604
3544608	3444608
3500709	3400709
3503406	3403406
3503604	3403604
3504305	3404305
3504701	3404701
3506003	3406003
3507456	3407456
3508306	3408306
3514502	3414502
3518107	3418107
3519105	3419105
3526803	3426803
3527504	3427504
3536570	3436570
3538907	3438907
3539400	3439400
3540101	3440101
3541109	3441109
3542503	3442503
3555505	3455505
3555901	3455901
3505203	3405203
3505302	3405302
3506805	3406805
3507308	3407308
3514106	3414106
3520004	3420004
3522000	3422000
3522901	3422901
3525300	3425300
3528007	3428007
3529807	3429807
3536703	3436703
3500550	3400550
3503109	3403109
3504503	3404503
3511409	3411409
3519253	3419253
3521804	3421804
3523503	3423503
3535804	3435804
3502309	3402309
3506904	3406904
3507506	3407506
3512308	3412308
3536109	3436109
3541059	3441059
3550100	3450100
3501707	3401707
3503208	3403208
3506706	3406706
3507407	3407407
3514007	3414007
3516853	3416853
3519600	3419600
3522703	3422703
3529302	3429302
3532058	3432058
3532900	3432900
3543709	3443709
3546900	3446900
3552700	3452700
3554755	3454755
3502002	3402002
3513702	3413702
3514304	3414304
3519303	3419303
3542909	3442909
3548906	3448906
3507902	3407902
3512704	3412704
3521101	3421101
3523602	3423602
3543907	3443907
3554706	3454706
3503307	3403307
3512209	3412209
3512407	3412407
3521408	3421408
3526704	3426704
3526902	3426902
3546207	3446207
3546702	3446702
3500600	3400600
3510401	3410401
3511706	3411706
3525854	3425854
3530904	3430904
3538709	3438709
3542107	3442107
3544004	3444004
3545159	3445159
3547007	3447007
3550407	3450407
3554508	3454508
3500303	3400303
3539301	3439301
3540705	3440705
3546306	3446306
3500402	3400402
3508702	3408702
3510807	3410807
3513900	3413900
3515186	3415186
3523800	3423800
3530508	3430508
3548104	3448104
3549102	3449102
3549706	3449706
3550803	3450803
3553302	3453302
3553609	3453609
3556404	3456404
3503802	3403802
3515152	3415152
3522604	3422604
3530706	3430706
3530805	3430805
3548005	3448005
3557303	3457303
3501608	3401608
3509502	3409502
3512803	3412803
3514908	3414908
3519055	3419055
3519071	3419071
3520509	3420509
3524709	3424709
3531803	3431803
3533403	3433403
3536505	3436505
3537107	3437107
3545803	3445803
3552403	3452403
3556206	3456206
3556701	3456701
3500501	3400501
3501905	3401905
3527009	3427009
3531209	3431209
3536802	3436802
3538204	3438204
3551603	3451603
3552106	3452106
3514403	3414403
3526001	3426001
3531605	3431605
3533106	3433106
3534807	3434807
3535408	3435408
3536406	3436406
3547106	3447106
3549300	3449300
3555109	3455109
3500105	3400105
3515806	3415806
3516002	3416002
3520806	3420806
3521606	3421606
3527405	3427405
3528908	3428908
3534609	3434609
3534906	3434906
3536000	3436000
3540853	3440853
3543808	3443808
3544707	3444707
3545100	3445100
3500808	3400808
3501301	3401301
3502408	3402408
3508900	3408900
3509106	3409106
3515129	3415129
3515301	3415301
3515350	3415350
3520608	3420608
3525607	3425607
3528700	3428700
3529203	3429203
3530201	3430201
3532207	3432207
3538303	3438303
3539202	3439202
3541208	3441208
3541307	3441307
3541406	3441406
3541505	3441505
3542206	3442206
3542404	3442404
3543238	3443238
3544251	3444251
3545506	3445506
3547700	3447700
3548302	3448302
3552908	3452908
3553906	3453906
3554300	3454300
3503356	3403356
3505807	3405807
3519006	3419006
3519204	3419204
3541802	3441802
3542008	3442008
3555000	3455000
3501400	3401400
3501509	3401509
3514700	3414700
3515657	3415657
3516606	3416606
3516705	3416705
3527801	3427801
3529005	3429005
3533700	3433700
3534104	3434104
3534500	3434500
3540002	3440002
3556602	3456602
3504008	3404008
3507209	3407209
3509809	3409809
3510005	3410005
3513306	3413306
3516101	3416101
3519501	3419501
3519907	3419907
3527900	3427900
3528809	3428809
3532157	3432157
3535309	3435309
3535507	3435507
3537156	3437156
3539707	3439707
3541703	3441703
3553955	3453955
3506300	3406300
3510153	3410153
3515194	3415194
3515400	3415400
3520905	3420905
3528601	3428601
3533809	3433809
3534708	3434708
3538808	3438808
3543204	3443204
3545407	3445407
3546405	3446405
3550506	3450506
3551207	3451207
3553005	3453005
3554201	3454201
3554607	3454607
3557204	3457204
3505005	3405005
3507159	3407159
3508009	3408009
3512605	3412605
3521705	3421705
3522406	3422406
3522802	3422802
3523206	3423206
3532827	3432827
3543501	3443501
3553807	3453807
3553856	3453856
3500758	3400758
3502200	3402200
3509452	3409452
3518503	3418503
3522307	3422307
3507001	3407001
3511508	3411508
3511607	3411607
3526407	3426407
3537503	3437503
3540507	3440507
3541653	3441653
3554003	3454003
3554656	3454656
3502705	3402705
3505351	3405351
3510203	3410203
3517604	3417604
3521200	3421200
3522158	3422158
3522653	3422653
3542800	3442800
3543006	3443006
3543253	3443253
3519709	3419709
3537800	3437800
3537909	3437909
3550209	3450209
3553500	3453500
3501152	3401152
3502754	3402754
3502903	3402903
3508405	3408405
3510302	3410302
3521002	3421002
3523909	3423909
3528403	3428403
3540606	3440606
3545209	3445209
3545308	3445308
3550605	3450605
3551108	3451108
3552205	3452205
3557006	3457006
3509601	3409601
3524006	3424006
3525904	3425904
3527306	3427306
3556503	3456503
3504107	3404107
3507100	3407100
3507605	3407605
3523404	3423404
3525201	3425201
3525508	3425508
3532009	3432009
3532405	3432405
3538600	3438600
3554953	3454953
3556354	3456354
3509700	3409700
3531704	3431704
3548203	3448203
3548609	3448609
3508504	3408504
3520202	3420202
3524402	3424402
3538006	3438006
3546009	3446009
3549904	3449904
3554102	3454102
3554805	3454805
3502507	3402507
3508603	3408603
3509957	3409957
3513405	3413405
3518404	3418404
3526605	3426605
3527207	3427207
3538501	3438501
3540754	3440754
3541901	3441901
3544301	3444301
3503158	3403158
3503505	3403505
3504909	3404909
3549607	3449607
3552007	3452007
3513603	3413603
3524907	3424907
3526308	3426308
3532306	3432306
3535606	3435606
3542305	3442305
3550001	3450001
3510500	3410500
3520400	3420400
3550704	3450704
3555406	3455406
3505401	3405401
3509254	3409254
3509908	3409908
3514809	3414809
3520301	3420301
3520426	3420426
3524600	3424600
3526100	3426100
3529906	3429906
3536208	3436208
3542602	3442602
3551801	3451801
3522109	3422109
3523305	3423305
3531100	3431100
3537206	3437206
3537602	3437602
3505708	3405708
3509205	3409205
3510609	3410609
3522505	3422505
3525003	3425003
3534401	3434401
3539103	3439103
3547304	3447304
3509007	3409007
3516309	3416309
3516408	3416408
3528502	3428502
3503901	3403901
3518800	3418800
3546801	3446801
3513009	3413009
3515004	3415004
3515103	3415103
3522208	3422208
3526209	3426209
3549953	3449953
3552809	3452809
3556453	3456453
3513801	3413801
3529401	3429401
3543303	3443303
3544103	3444103
3547809	3447809
3548708	3448708
3548807	3448807
3550308	3450308
3506607	3406607
3515707	3415707
3518305	3418305
3523107	3423107
3530607	3430607
3539806	3439806
3545001	3445001
3552502	3452502
3506359	3406359
3513504	3413504
3518701	3418701
3541000	3441000
3548500	3448500
3551009	3451009
4100608	4100608
4100905	4100905
4106704	4106704
4107108	4107108
4108908	4108908
4110300	4110300
4111308	4111308
4112603	4112603
4113502	4113502
4115002	4115002
4115903	4115903
4116505	4116505
4117107	4117107
4118006	4118006
4118105	4118105
4118303	4118303
4118402	4118402
4119707	4119707
4120200	4120200
4121000	4121000
4123303	4123303
4123709	4123709
4123956	4123956
4124202	4124202
4124608	4124608
4124905	4124905
4125902	4125902
4126702	4126702
4127304	4127304
4100509	4100509
4100707	4100707
4103370	4103370
4103479	4103479
4106605	4106605
4107256	4107256
4107520	4107520
4108320	4108320
4109906	4109906
4110607	4110607
4111555	4111555
4114708	4114708
4115101	4115101
4117206	4117206
4118857	4118857
4118907	4118907
4125357	4125357
4126900	4126900
4128104	4128104
4128625	4128625
4128807	4128807
4105508	4105508
4105607	4105607
4109104	4109104
4110409	4110409
4112405	4112405
4113007	4113007
4122602	4122602
4125555	4125555
4126108	4126108
4126801	4126801
4127908	4127908
4100459	4100459
4103008	4103008
4103909	4103909
4108601	4108601
4112207	4112207
4112959	4112959
4116109	4116109
4116802	4116802
4120655	4120655
4121356	4121356
4128005	4128005
4101705	4101705
4102505	4102505
4104303	4104303
4106555	4106555
4107504	4107504
4107553	4107553
4107702	4107702
4110805	4110805
4113734	4113734
4114005	4114005
4118808	4118808
4121109	4121109
4122503	4122503
4127205	4127205
4101150	4101150
4102109	4102109
4102208	4102208
4103404	4103404
4105102	4105102
4105904	4105904
4108106	4108106
4109203	4109203
4110003	4110003
4110904	4110904
4111902	4111902
4113601	4113601
4113809	4113809
4114104	4114104
4116307	4116307
4116406	4116406
4116901	4116901
4120408	4120408
4123402	4123402
4123600	4123600
4124509	4124509
4128302	4128302
4100806	4100806
4102802	4102802
4108007	4108007
4116000	4116000
4120002	4120002
4120333	4120333
4120507	4120507
4126504	4126504
4107306	4107306
4107801	4107801
4107900	4107900
4111100	4111100
4111605	4111605
4117404	4117404
4125308	4125308
4114203	4114203
4114807	4114807
4115200	4115200
4117503	4117503
4126256	4126256
4101408	4101408
4101507	4101507
4103503	4103503
4103800	4103800
4112108	4112108
4114906	4114906
4115754	4115754
4117297	4117297
4122701	4122701
4103701	4103701
4109807	4109807
4113700	4113700
4119657	4119657
4122404	4122404
4126678	4126678
4103206	4103206
4103305	4103305
4106852	4106852
4107603	4107603
4113106	4113106
4115507	4115507
4122107	4122107
4101655	4101655
4101853	4101853
4104402	4104402
4108551	4108551
4108700	4108700
4111506	4111506
4112504	4112504
4113429	4113429
4113759	4113759
4114500	4114500
4117271	4117271
4122172	4122172
4122651	4122651
4125001	4125001
4125803	4125803
4101903	4101903
4112702	4112702
4117214	4117214
4121307	4121307
4123204	4123204
4124707	4124707
4126009	4126009
4128401	4128401
4100103	4100103
4101101	4101101
4102406	4102406
4106001	4106001
4106407	4106407
4111001	4111001
4113403	4113403
4116604	4116604
4117008	4117008
4121901	4121901
4123105	4123105
4123907	4123907
4124301	4124301
4126405	4126405
4102703	4102703
4103602	4103602
4111803	4111803
4112900	4112900
4121802	4121802
4124103	4124103
4106100	4106100
4107009	4107009
4107751	4107751
4109708	4109708
4111704	4111704
4112306	4112306
4119202	4119202
4126207	4126207
4104709	4104709
4109005	4109005
4112801	4112801
4120705	4120705
4122909	4122909
4124004	4124004
4125407	4125407
4126603	4126603
4127809	4127809
4128500	4128500
4110078	4110078
4117305	4117305
4121703	4121703
4127106	4127106
4127502	4127502
4128534	4128534
4101606	4101606
4112009	4112009
4119400	4119400
4126306	4126306
4104659	4104659
4104907	4104907
4117701	4117701
4119905	4119905
4102000	4102000
4107157	4107157
4107538	4107538
4108205	4108205
4108809	4108809
4110656	4110656
4112751	4112751
4114609	4114609
4115358	4115358
4115853	4115853
4117222	4117222
4117453	4117453
4117909	4117909
4118451	4118451
4120853	4120853
4123501	4123501
4125456	4125456
4125753	4125753
4127403	4127403
4127700	4127700
4127957	4127957
4101051	4101051
4103057	4103057
4103354	4103354
4103453	4103453
4104055	4104055
4104600	4104600
4104808	4104808
4105003	4105003
4106308	4106308
4107124	4107124
4109302	4109302
4109757	4109757
4110052	4110052
4113452	4113452
4116703	4116703
4123824	4123824
4124020	4124020
4127858	4127858
4105300	4105300
4108304	4108304
4110953	4110953
4115606	4115606
4115804	4115804
4116059	4116059
4121257	4121257
4124053	4124053
4125704	4125704
4126355	4126355
4128559	4128559
4101002	4101002
4102752	4102752
4104501	4104501
4119004	4119004
4119806	4119806
4120358	4120358
4121406	4121406
4123808	4123808
4102604	4102604
4103024	4103024
4103156	4103156
4106571	4106571
4107207	4107207
4107405	4107405
4107850	4107850
4108403	4108403
4114351	4114351
4115408	4115408
4116950	4116950
4117255	4117255
4119251	4119251
4121604	4121604
4122800	4122800
4123006	4123006
4124400	4124400
4125209	4125209
4128609	4128609
4103222	4103222
4105409	4105409
4106506	4106506
4111209	4111209
4115309	4115309
4118501	4118501
4124806	4124806
4126272	4126272
4126652	4126652
4128708	4128708
4103040	4103040
4113254	4113254
4115739	4115739
4117800	4117800
4119608	4119608
4123857	4123857
4103958	4103958
4104428	4104428
4104451	4104451
4107546	4107546
4108452	4108452
4108650	4108650
4109401	4109401
4110201	4110201
4113304	4113304
4115457	4115457
4117057	4117057
4119301	4119301
4120150	4120150
4120903	4120903
4121752	4121752
4122156	4122156
4127965	4127965
4128658	4128658
4105706	4105706
4106456	4106456
4109658	4109658
4114401	4114401
4117602	4117602
4107736	4107736
4108957	4108957
4110102	4110102
4110508	4110508
4111407	4111407
4120606	4120606
4127007	4127007
4110706	4110706
4113908	4113908
4121505	4121505
4122008	4122008
4102901	4102901
4106803	4106803
4108502	4108502
4118600	4118600
4118709	4118709
4120309	4120309
4128203	4128203
4101309	4101309
4125100	4125100
4125605	4125605
4100202	4100202
4105201	4105201
4128633	4128633
4113205	4113205
4120101	4120101
4100400	4100400
4101804	4101804
4102307	4102307
4103107	4103107
4104006	4104006
4104204	4104204
4104253	4104253
4105805	4105805
4106209	4106209
4106902	4106902
4107652	4107652
4111258	4111258
4114302	4114302
4119152	4119152
4119509	4119509
4120804	4120804
4122206	4122206
4125506	4125506
4127882	4127882
4101200	4101200
4109500	4109500
4109609	4109609
4115705	4115705
4116208	4116208
4118204	4118204
4119954	4119954
4100301	4100301
4104105	4104105
4119103	4119103
4121208	4121208
4122305	4122305
4127601	4127601
4200804	4200804
4202081	4202081
4202099	4202099
4202156	4202156
4204905	4204905
4205001	4205001
4206405	4206405
4206603	4206603
4207650	4207650
4208401	4208401
4211009	4211009
4212007	4212007
4212239	4212239
4214151	4214151
4215075	4215075
4215208	4215208
4215554	4215554
4216255	4216255
4216701	4216701
4217204	4217204
4218756	4218756
4200507	4200507
4200556	4200556
4202578	4202578
4203105	4203105
4203501	4203501
4204103	4204103
4204202	4204202
4204350	4204350
4204400	4204400
4204707	4204707
4204756	4204756
4205357	4205357
4205431	4205431
4206652	4206652
4207759	4207759
4207858	4207858
4208955	4208955
4210506	4210506
4210902	4210902
4211405	4211405
4211454	4211454
4211652	4211652
4212106	4212106
4212908	4212908
4213153	4213153
4214201	4214201
4215356	4215356
4215687	4215687
4215695	4215695
4215752	4215752
4216008	4216008
4216909	4216909
4217154	4217154
4217303	4217303
4217550	4217550
4217758	4217758
4217956	4217956
4218855	4218855
4200101	4200101
4202537	4202537
4204459	4204459
4205175	4205175
4205308	4205308
4205605	4205605
4207684	4207684
4209177	4209177
4209458	4209458
4210555	4210555
4211850	4211850
4212270	4212270
4213401	4213401
4216107	4216107
4219101	4219101
4219507	4219507
4219705	4219705
4200408	4200408
4201604	4201604
4203006	4203006
4203154	4203154
4203907	4203907
4204004	4204004
4205209	4205209
4205506	4205506
4206702	4206702
4206751	4206751
4206801	4206801
4207577	4207577
4208609	4208609
4209003	4209003
4209201	4209201
4209706	4209706
4210035	4210035
4210050	4210050
4210704	4210704
4211801	4211801
4213005	4213005
4214409	4214409
4215406	4215406
4217907	4217907
4218509	4218509
4219176	4219176
4219309	4219309
4200754	4200754
4201273	4201273
4201653	4201653
4204301	4204301
4207601	4207601
4207700	4207700
4207809	4207809
4208005	4208005
4209854	4209854
4211876	4211876
4212601	4212601
4213104	4213104
4213906	4213906
4217501	4217501
4219606	4219606
4202131	4202131
4203808	4203808
4207908	4207908
4208104	4208104
4210100	4210100
4210308	4210308
4211108	4211108
4212205	4212205
4213609	4213609
4215679	4215679
4218251	4218251
4218301	4218301
4203303	4203303
4215000	4215000
4215802	4215802
4201307	4201307
4202057	4202057
4204509	4204509
4205803	4205803
4206504	4206504
4208450	4208450
4208906	4208906
4209102	4209102
4210605	4210605
4216206	4216206
4217402	4217402
4200051	4200051
4202875	4202875
4203600	4203600
4204806	4204806
4205555	4205555
4211058	4211058
4213302	4213302
4213351	4213351
4215505	4215505
4216057	4216057
4219150	4219150
4219853	4219853
4201000	4201000
4202438	4202438
4202503	4202503
4202602	4202602
4203253	4203253
4203402	4203402
4204152	4204152
4204178	4204178
4204558	4204558
4209300	4209300
4211751	4211751
4211892	4211892
4212056	4212056
4215059	4215059
4216503	4216503
4216800	4216800
4218905	4218905
4218954	4218954
4200309	4200309
4201901	4201901
4202859	4202859
4205100	4205100
4206900	4206900
4209151	4209151
4209508	4209508
4209904	4209904
4210852	4210852
4213708	4213708
4214003	4214003
4214102	4214102
4214508	4214508
4214607	4214607
4214805	4214805
4215307	4215307
4217808	4217808
4218608	4218608
4219358	4219358
4219408	4219408
4201257	4201257
4201703	4201703
4202206	4202206
4202404	4202404
4202701	4202701
4202909	4202909
4205159	4205159
4205902	4205902
4206306	4206306
4207502	4207502
4210001	4210001
4213203	4213203
4214706	4214706
4215109	4215109
4218202	4218202
4202008	4202008
4202107	4202107
4202453	4202453
4203204	4203204
4207106	4207106
4208203	4208203
4208302	4208302
4211306	4211306
4212502	4212502
4212809	4212809
4213500	4213500
4216354	4216354
4200200	4200200
4201802	4201802
4204194	4204194
4207403	4207403
4208500	4208500
4212700	4212700
4219200	4219200
4200903	4200903
4203709	4203709
4209805	4209805
4210209	4210209
4211504	4211504
4216305	4216305
4218004	4218004
4201208	4201208
4202305	4202305
4205407	4205407
4206009	4206009
4211900	4211900
4212304	4212304
4215703	4215703
4216602	4216602
4217253	4217253
4200606	4200606
4200705	4200705
4201109	4201109
4214300	4214300
4215901	4215901
4201505	4201505
4202800	4202800
4203956	4203956
4205704	4205704
4206108	4206108
4206207	4206207
4207205	4207205
4207304	4207304
4208807	4208807
4209409	4209409
4211702	4211702
4212403	4212403
4212650	4212650
4214904	4214904
4215455	4215455
4215604	4215604
4217006	4217006
4217105	4217105
4218400	4218400
4218707	4218707
4204251	4204251
4204608	4204608
4205456	4205456
4207007	4207007
4209607	4209607
4211207	4211207
4211603	4211603
4217600	4217600
4218350	4218350
4219002	4219002
4220000	4220000
4201406	4201406
4201950	4201950
4202073	4202073
4205191	4205191
4208708	4208708
4210407	4210407
4210803	4210803
4211256	4211256
4212254	4212254
4213807	4213807
4215653	4215653
4216404	4216404
4217709	4217709
4218103	4218103
4218806	4218806
4300307	4300307
4304309	4304309
4310405	4310405
4313425	4313425
4315008	4315008
4315057	4315057
4315073	4315073
4317202	4317202
4317905	4317905
4318499	4318499
4321808	4321808
4322103	4322103
4322301	4322301
4301859	4301859
4302204	4302204
4302378	4302378
4302600	4302600
4304002	4304002
4306007	4306007
4306320	4306320
4306734	4306734
4307450	4307450
4309605	4309605
4309704	4309704
4312302	4312302
4313011	4313011
4315404	4315404
4319109	4319109
4320230	4320230
4321402	4321402
4321477	4321477
4321907	4321907
4323705	4323705
4300505	4300505
4300646	4300646
4303400	4303400
4305801	4305801
4306072	4306072
4306429	4306429
4306924	4306924
4307302	4307302
4308508	4308508
4309126	4309126
4310504	4310504
4311601	4311601
4312708	4312708
4313441	4313441
4313466	4313466
4313805	4313805
4314498	4314498
4314704	4314704
4315552	4315552
4315909	4315909
4316204	4316204
4320206	4320206
4321329	4321329
4321857	4321857
4321956	4321956
4323101	4323101
4323507	4323507
4300901	4300901
4301552	4301552
4301701	4301701
4301925	4301925
4302055	4302055
4303806	4303806
4304853	4304853
4305116	4305116
4306130	4306130
4306957	4306957
4306973	4306973
4307005	4307005
4307203	4307203
4307559	4307559
4308052	4308052
4308250	4308250
4308706	4308706
4308904	4308904
4310462	4310462
4310702	4310702
4310900	4310900
4311908	4311908
4312005	4312005
4314134	4314134
4314787	4314787
4315313	4315313
4319703	4319703
4320602	4320602
4321634	4321634
4322905	4322905
4301800	4301800
4303202	4303202
4309803	4309803
4311700	4311700
4312203	4312203
4313607	4313607
4316600	4316600
4317954	4317954
4318424	4318424
4318606	4318606
4322186	4322186
4303301	4303301
4303707	4303707
4305207	4305207
4309506	4309506
4312179	4312179
4315107	4315107
4316303	4316303
4316477	4316477
4319307	4319307
4319372	4319372
4320578	4320578
4302501	4302501
4305009	4305009
4306353	4306353
4306932	4306932
4307831	4307831
4309001	4309001
4314555	4314555
4315958	4315958
4317509	4317509
4317707	4317707
4318903	4318903
4319158	4319158
4319208	4319208
4320321	4320321
4322343	4322343
4323754	4323754
4300208	4300208
4300455	4300455
4301503	4301503
4302584	4302584
4305405	4305405
4305702	4305702
4305871	4305871
4305900	4305900
4310207	4310207
4310413	4310413
4313334	4313334
4313904	4313904
4314308	4314308
4317806	4317806
4319737	4319737
4300471	4300471
4301958	4301958
4302154	4302154
4304705	4304705
4305157	4305157
4305306	4305306
4305850	4305850
4310850	4310850
4311429	4311429
4312955	4312955
4313490	4313490
4313706	4313706
4314456	4314456
4316428	4316428
4317756	4317756
4318457	4318457
4319364	4319364
4320107	4320107
4300059	4300059
4303558	4303558
4304903	4304903
4304952	4304952
4305371	4305371
4305504	4305504
4305975	4305975
4306304	4306304
4307054	4307054
4308854	4308854
4309902	4309902
4311809	4311809
4312138	4312138
4312625	4312625
4312674	4312674
4314100	4314100
4314779	4314779
4316105	4316105
4316733	4316733
4317558	4317558
4318051	4318051
4320503	4320503
4320909	4320909
4322558	4322558
4323358	4323358
4323408	4323408
4300554	4300554
4302220	4302220
4302238	4302238
4304101	4304101
4306106	4306106
4307500	4307500
4308458	4308458
4310009	4310009
4310876	4310876
4311155	4311155
4315354	4315354
4316436	4316436
4316451	4316451
4316709	4316709
4305603	4305603
4311270	4311270
4312658	4312658
4320305	4320305
4321006	4321006
4321469	4321469
4323200	4323200
4302006	4302006
4308300	4308300
4309951	4309951
4311254	4311254
4312427	4312427
4318465	4318465
4320800	4320800
4322152	4322152
4300661	4300661
4300703	4300703
4301404	4301404
4306452	4306452
4309258	4309258
4309407	4309407
4310306	4310306
4310579	4310579
4312351	4312351
4312757	4312757
4312807	4312807
4312906	4312906
4313300	4313300
4314001	4314001
4315172	4315172
4315206	4315206
4318440	4318440
4319711	4319711
4320404	4320404
4322350	4322350
4323606	4323606
4302303	4302303
4303608	4303608
4303673	4303673
4304622	4304622
4307401	4307401
4310439	4310439
4311122	4311122
4311304	4311304
4312377	4312377
4312617	4312617
4314464	4314464
4318200	4318200
4318622	4318622
4322509	4322509
4300802	4300802
4302105	4302105
4302253	4302253
4304804	4304804
4305108	4305108
4305934	4305934
4305959	4305959
4307864	4307864
4307906	4307906
4308201	4308201
4308607	4308607
4312385	4312385
4313086	4313086
4313359	4313359
4314548	4314548
4317251	4317251
4319000	4319000
4322806	4322806
4323309	4323309
4304655	4304655
4310553	4310553
4311130	4311130
4311205	4311205
4314472	4314472
4315321	4315321
4317400	4317400
4322202	4322202
4322376	4322376
4302907	4302907
4306379	4306379
4310538	4310538
4311106	4311106
4312104	4312104
4313037	4313037
4316907	4316907
4319125	4319125
4319406	4319406
4319604	4319604
4319802	4319802
4321493	4321493
4323457	4323457
4300109	4300109
4306700	4306700
4308003	4308003
4308409	4308409
4310751	4310751
4313102	4313102
4315503	4315503
4318432	4318432
4320651	4320651
4301206	4301206
4304200	4304200
4307815	4307815
4309159	4309159
4309571	4309571
4309753	4309753
4311239	4311239
4312153	4312153
4314068	4314068
4316808	4316808
4320263	4320263
4320677	4320677
4320701	4320701
4322533	4322533
4322608	4322608
4322707	4322707
4301008	4301008
4302402	4302402
4302451	4302451
4304614	4304614
4304697	4304697
4305587	4305587
4305835	4305835
4306205	4306205
4306759	4306759
4306809	4306809
4307807	4307807
4308078	4308078
4308433	4308433
4310363	4310363
4311403	4311403
4312054	4312054
4312609	4312609
4313003	4313003
4314159	4314159
4315131	4315131
4315156	4315156
4315453	4315453
4315800	4315800
4316758	4316758
4320453	4320453
4320859	4320859
4321303	4321303
4321451	4321451
4321626	4321626
4322855	4322855
4323770	4323770
4303004	4303004
4305132	4305132
4313391	4313391
4313953	4313953
4314027	4314027
4314076	4314076
4315701	4315701
4300570	4300570
4301651	4301651
4302352	4302352
4302659	4302659
4304689	4304689
4308102	4308102
4309555	4309555
4311643	4311643
4311791	4311791
4312401	4312401
4314035	4314035
4314753	4314753
4314803	4314803
4316501	4316501
4318481	4318481
4318614	4318614
4319356	4319356
4319505	4319505
4319752	4319752
4322251	4322251
4322541	4322541
4304408	4304408
4306403	4306403
4309100	4309100
4310108	4310108
4310801	4310801
4311627	4311627
4312476	4312476
4313201	4313201
4314423	4314423
4315149	4315149
4315750	4315750
4316006	4316006
4316956	4316956
4321204	4321204
4321709	4321709
4301107	4301107
4301750	4301750
4302709	4302709
4305355	4305355
4308805	4308805
4312252	4312252
4318408	4318408
4322004	4322004
4322525	4322525
4300604	4300604
4300877	4300877
4303103	4303103
4303905	4303905
4304606	4304606
4306767	4306767
4307609	4307609
4307708	4307708
4309050	4309050
4309209	4309209
4309308	4309308
4311981	4311981
4313060	4313060
4313375	4313375
4313409	4313409
4314050	4314050
4314902	4314902
4318705	4318705
4319901	4319901
4320008	4320008
4320552	4320552
4323002	4323002
4301057	4301057
4301636	4301636
4304630	4304630
4304671	4304671
4304713	4304713
4305454	4305454
4306551	4306551
4310330	4310330
4310652	4310652
4311734	4311734
4311775	4311775
4312443	4312443
4312500	4312500
4313508	4313508
4313656	4313656
4317608	4317608
4321352	4321352
4321436	4321436
4321501	4321501
4321600	4321600
4321667	4321667
4321832	4321832
4323804	4323804
4300851	4300851
4301909	4301909
4303509	4303509
4305173	4305173
4305447	4305447
4306502	4306502
4320354	4320354
4321105	4321105
4300406	4300406
4301875	4301875
4308656	4308656
4310603	4310603
4311718	4311718
4311759	4311759
4315305	4315305
4318002	4318002
4318101	4318101
4322400	4322400
4316402	4316402
4316972	4316972
4317103	4317103
4318309	4318309
4300034	4300034
4301602	4301602
4306601	4306601
4309654	4309654
4311502	4311502
4300638	4300638
4302808	4302808
4304358	4304358
4306908	4306908
4314175	4314175
4314506	4314506
4314605	4314605
4317004	4317004
4301073	4301073
4304507	4304507
4304663	4304663
4305124	4305124
4306056	4306056
4312450	4312450
4314209	4314209
4314407	4314407
4318804	4318804
4322327	4322327
4301305	4301305
4307104	4307104
4311007	4311007
4305439	4305439
4315602	4315602
4317301	4317301
4318507	4318507
5003207	5203207
5005202	5205202
5006903	5206903
5000708	5200708
5001102	5201102
5003488	5203488
5005608	5205608
5000252	5200252
5002605	5202605
5003306	5203306
5003900	5203900
5006408	5206408
5007406	5207406
5007695	5207695
5007935	5207935
5001508	5201508
5002704	5202704
5003108	5203108
5004908	5204908
5007307	5207307
5007505	5207505
5007901	5207901
5008008	5208008
5002902	5202902
5002951	5202951
5003256	5203256
5006275	5206275
5001003	5201003
5004403	5204403
5006309	5206309
5007802	5207802
5000203	5200203
5002308	5202308
5007109	5207109
5007554	5207554
5008305	5208305
5000807	5200807
5001904	5201904
5002001	5202001
5006200	5206200
5007976	5207976
5002100	5202100
5002159	5202159
5002209	5202209
5002803	5202803
5004106	5204106
5005004	5205004
5005806	5205806
5000609	5200609
5000906	5200906
5001243	5201243
5002407	5202407
5003504	5203504
5003702	5203702
5003801	5203801
5004502	5204502
5005152	5205152
5005251	5205251
5005400	5205400
5006002	5206002
5006606	5206606
5007208	5207208
5008404	5208404
5000856	5200856
5003157	5203157
5003454	5203454
5003751	5203751
5004007	5204007
5004304	5204304
5004601	5204601
5004700	5204700
5004809	5204809
5005103	5205103
5005681	5205681
5005707	5205707
5006259	5206259
5006358	5206358
5006358	5207703
5007950	5207950
5101407	5101407
5101902	5101902
5102850	5102850
5103254	5103254
5103379	5103379
5105150	5105150
5105176	5105176
5107578	5107578
5100250	5100250
5100805	5100805
5102793	5102793
5106158	5106158
5106299	5106299
5108956	5108956
5103205	5103205
5104104	5104104
5105606	5105606
5106216	5106216
5106265	5106265
5106422	5106422
5108055	5108055
5108808	5108808
5102637	5102637
5102686	5102686
5103304	5103304
5103502	5103502
5107875	5107875
5105101	5105101
5106273	5106273
5106802	5106802
5107305	5107305
5107941	5107941
5108907	5108907
5104526	5104526
5104542	5104542
5105259	5105259
5105903	5105903
5106224	5106224
5106240	5106240
5107768	5107768
5107925	5107925
5108006	5108006
5103056	5103056
5103700	5103700
5104559	5104559
5105580	5105580
5106190	5106190
5107248	5107248
5107909	5107909
5108303	5108303
5108501	5108501
5103858	5103858
5106208	5106208
5106307	5106307
5106455	5106455
5100359	5100359
5101852	5101852
5102694	5102694
5103353	5103353
5105309	5105309
5106315	5106315
5106778	5106778
5107180	5107180
5107354	5107354
5107743	5107743
5107776	5107776
5107859	5107859
5107883	5107883
5108600	5108600
5100201	5100201
5102603	5102603
5102702	5102702
5106174	5106174
5106257	5106257
5106281	5106281
5107065	5107065
5107792	5107792
5101001	5101001
5101803	5101803
5103106	5103106
5103361	5103361
5105507	5105507
5106182	5106182
5106752	5106752
5108352	5108352
5101704	5101704
5103452	5103452
5106232	5106232
5106851	5106851
5107958	5107958
5101258	5101258
5103809	5103809
5103957	5103957
5104500	5104500
5105002	5105002
5105234	5105234
5105622	5105622
5106828	5106828
5107107	5107107
5107156	5107156
5107206	5107206
5107750	5107750
5100508	5100508
5101308	5101308
5106000	5106000
5107263	5107263
5108857	5108857
5100102	5100102
5104906	5104906
5107701	5107701
5103007	5103007
5103403	5103403
5106109	5106109
5107800	5107800
5108402	5108402
5101605	5101605
5102504	5102504
5103437	5103437
5106505	5106505
5102678	5102678
5107040	5107040
5101209	5101209
5103908	5103908
5104203	5104203
5106653	5106653
5106703	5106703
5107008	5107008
5107198	5107198
5108105	5108105
5108204	5108204
5103601	5103601
5104609	5104609
5104807	5104807
5105200	5105200
5106372	5106372
5107297	5107297
5107404	5107404
5107602	5107602
5100300	5100300
5100409	5100409
5100607	5100607
5206404	5306404
5214002	5314002
5214051	5314051
5214838	5314838
5215256	5315256
5220207	5320207
5221577	5321577
5202155	5302155
5202502	5302502
5203807	5303807
5207535	5307535
5208905	5308905
5211008	5311008
5212204	5312204
5212956	5312956
5219258	5319258
5201702	5301702
5202353	5302353
5203104	5303104
5203401	5303401
5207105	5307105
5213707	5313707
5217203	5317203
5200555	5300555
5200829	5300829
5203575	5303575
5204656	5304656
5204706	5304706
5204953	5304953
5207501	5307501
5208103	5308103
5212808	5312808
5213087	5313087
5213772	5313772
5214101	5314101
5214606	5314606
5214879	5314879
5218003	5318003
5219605	5319605
5219704	5319704
5221452	5321452
5221601	5321601
5200605	5300605
5204904	5304904
5205307	5305307
5205521	5305521
5213509	5313509
5214903	5314903
5220009	5320009
5221080	5321080
5203203	5303203
5205000	5305000
5205406	5305406
5208608	5308608
5209291	5309291
5209457	5309457
5209804	5309804
5210158	5310158
5210901	5310901
5211206	5311206
5213855	5313855
5214705	5314705
5214861	5314861
5216908	5316908
5218607	5318607
5218706	5318706
5218904	5318904
5219357	5319357
5219456	5319456
5220157	5320157
5220280	5320280
5221700	5321700
5201108	5301108
5201603	5301603
5203609	5303609
5204854	5304854
5205208	5305208
5206800	5306800
5209606	5309606
5210000	5310000
5210406	5310406
5210562	5310562
5210604	5310604
5211404	5311404
5211800	5311800
5212055	5312055
5215009	5315009
5215405	5315405
5216809	5316809
5219506	5319506
5219902	5319902
5221007	5321007
5200902	5300902
5204201	5304201
5205703	5305703
5207600	5307600
5210208	5310208
5210307	5310307
5211602	5311602
5212006	5312006
5213400	5313400
5215207	5315207
5200159	5300159
5200852	5300852
5201306	5301306
5202601	5302601
5202809	5302809
5203939	5303939
5207808	5307808
5213905	5313905
5214408	5314408
5219001	5319001
5219100	5319100
5220108	5320108
5221502	5321502
5200050	5300050
5201405	5301405
5201801	5301801
5203302	5303302
5203559	5303559
5204557	5304557
5208400	5308400
5208707	5308707
5208806	5308806
5209200	5309200
5209705	5309705
5212303	5312303
5214507	5314507
5219738	5319738
5220454	5320454
5221197	5321197
5221403	5321403
5200803	5300803
5203962	5303962
5206701	5306701
5207907	5307907
5208301	5308301
5209408	5309408
5209903	5309903
5212709	5312709
5218300	5318300
5219803	5319803
5220686	5320686
5220702	5320702
5200100	5300100
5200175	5300175
5200258	5300258
5200308	5300308
5204003	5304003
5205497	5305497
5205513	5305513
5205802	5305802
5206206	5306206
5208004	5308004
5212501	5312501
5213053	5313053
5215231	5315231
5215603	5315603
5217302	5317302
5217609	5317609
5219753	5319753
5221858	5321858
5222203	5322203
5222302	5322302
5201454	5301454
5201504	5301504
5204409	5304409
5205059	5305059
5205471	5305471
5207253	5307253
5211909	5311909
5213004	5313004
5213103	5313103
5213756	5313756
5215652	5315652
5216452	5316452
5218102	5318102
5218805	5318805
5219308	5319308
5219407	5319407
5219712	5319712
5220504	5320504
5200134	5300134
5204607	5304607
5205455	5305455
5207352	5307352
5207402	5307402
5209952	5309952
5211701	5311701
5215702	5315702
5215900	5315900
5216403	5316403
5220058	5320058
5221551	5321551
5221908	5321908
5200209	5300209
5200506	5300506
5203500	5303500
5203906	5303906
5204250	5304250
5204508	5304508
5206503	5306503
5209101	5309101
5209937	5309937
5211503	5311503
5212105	5312105
5212600	5312600
5212907	5312907
5213806	5313806
5216007	5316007
5217104	5317104
5217708	5317708
5218052	5318052
5218391	5318391
5218789	5318789
5222054	5322054
5206305	5306305
5208152	5308152
5215306	5315306
5215801	5315801
5217401	5317401
5219209	5319209
5220264	5320264
5220603	5320603
5221809	5321809
5222005	5322005
5201207	5301207
5204805	5304805
5205109	5305109
5205901	5305901
5206602	5306602
5206909	5306909
5208509	5308509
5210109	5310109
5214804	5314804
5215504	5315504
5221304	5321304
5204102	5304102
5204300	5304300
5209150	5309150
5210802	5310802
5211305	5311305
5212253	5312253
5216304	5316304
5218508	5318508
5220405	5320405
5300108	5400108